"Name","Platform","Compiles","CompilesDouble","Uses","UsesDouble","PermutationString"
"Globals","0","4981","0","0","0",""
"/ControlRig/Controls/ControlRigGizmoMaterial.ControlRigGizmoMaterial","0","4","0","4","7","Compiling ControlRigGizmoMaterial: Platform=PCD3D_SM5, Usage=LightingModel=MSM_Unlit, BlendMode=BLEND_Opaque, SpecialEngine=0, TwoSided=0, TSNormal=1, Masked=0, Distorted=0, WritesEveryPixel=1, ModifiesMeshPosition=0, Usage={}"
"/Engine/EngineDebugMaterials/DebugEditorMaterial.DebugEditorMaterial","0","7","0","8","9","Compiling DebugEditorMaterial: Platform=PCD3D_SM5, Usage=LightingModel=MSM_Unlit, BlendMode=BLEND_Opaque, SpecialEngine=0, TwoSided=1, TSNormal=1, Masked=0, Distorted=0, WritesEveryPixel=1, ModifiesMeshPosition=0, Usage={}"
"/Engine/EditorMaterials/PhAT_NoCollisionMaterial.PhAT_NoCollisionMaterial","0","3","0","3","3","Compiling PhAT_NoCollisionMaterial: Platform=PCD3D_SM5, Usage=LightingModel=MSM_Unlit, BlendMode=BLEND_Translucent, SpecialEngine=0, TwoSided=0, TSNormal=1, Masked=0, Distorted=0, WritesEveryPixel=1, ModifiesMeshPosition=0, Usage={}"
"/ControlRig/Controls/ControlRigXRayMaterial.ControlRigXRayMaterial","0","8","0","9","9","Compiling ControlRigXRayMaterial: Platform=PCD3D_SM5, Usage=LightingModel=MSM_Unlit, BlendMode=BLEND_Translucent, SpecialEngine=0, TwoSided=0, TSNormal=1, Masked=0, Distorted=0, WritesEveryPixel=1, ModifiesMeshPosition=1, Usage={bUsedWithStaticLighting}"
"/Engine/EngineDebugMaterials/M_SimpleUnlitTranslucent.M_SimpleUnlitTranslucent","0","3","0","3","3","Compiling M_SimpleUnlitTranslucent: Platform=PCD3D_SM5, Usage=LightingModel=MSM_Unlit, BlendMode=BLEND_Translucent, SpecialEngine=0, TwoSided=0, TSNormal=1, Masked=0, Distorted=0, WritesEveryPixel=1, ModifiesMeshPosition=0, Usage={}"
"/Engine/VREditor/TransformGizmo/Main.Main","0","3","0","3","3","Compiling Main: Platform=PCD3D_SM5, Usage=LightingModel=MSM_Unlit, BlendMode=BLEND_Translucent, SpecialEngine=0, TwoSided=0, TSNormal=1, Masked=0, Distorted=0, WritesEveryPixel=1, ModifiesMeshPosition=0, Usage={}"
"/Game/UI/Circle.Circle","0","22","0","24","24","Compiling Circle: Platform=PCD3D_SM5, Usage=LightingModel=MSM_Unlit, BlendMode=BLEND_Masked, SpecialEngine=0, TwoSided=0, TSNormal=1, Masked=1, Distorted=0, WritesEveryPixel=0, ModifiesMeshPosition=0, Usage={}"
"/Game/FPWeapon/Materials/BaseMaterial.BaseMaterial","0","35","0","5","100","Compiling BaseMaterial: Platform=PCD3D_SM5, Usage=LightingModel=MSM_DefaultLit, BlendMode=BLEND_Opaque, SpecialEngine=0, TwoSided=0, TSNormal=1, Masked=0, Distorted=0, WritesEveryPixel=1, ModifiesMeshPosition=0, Usage={bUsedWithSkeletalMesh,bUsedWithStaticLighting}"
"/Game/Models/Table/Material.Material","0","14","0","2","101","Compiling Material: Platform=PCD3D_SM5, Usage=LightingModel=MSM_DefaultLit, BlendMode=BLEND_Opaque, SpecialEngine=0, TwoSided=0, TSNormal=1, Masked=0, Distorted=0, WritesEveryPixel=1, ModifiesMeshPosition=0, Usage={}"
"/Game/LevelPrototyping/Materials/M_Solid.M_Solid","0","26","0","3","74","Compiling M_Solid: Platform=PCD3D_SM5, Usage=LightingModel=MSM_DefaultLit, BlendMode=BLEND_Opaque, SpecialEngine=0, TwoSided=0, TSNormal=1, Masked=0, Distorted=0, WritesEveryPixel=1, ModifiesMeshPosition=0, Usage={bUsedWithSkeletalMesh}"
"/Game/Inventory/Items/Models/Consumables/BigBottle_resized/Material_002.Material_002","0","14","0","2","101","Compiling Material_002: Platform=PCD3D_SM5, Usage=LightingModel=MSM_DefaultLit, BlendMode=BLEND_Opaque, SpecialEngine=0, TwoSided=0, TSNormal=1, Masked=0, Distorted=0, WritesEveryPixel=1, ModifiesMeshPosition=0, Usage={}"
"/Game/Inventory/Items/Models/Consumables/BigBottle_resized/Material_001.Material_001","0","14","0","2","101","Compiling Material_001: Platform=PCD3D_SM5, Usage=LightingModel=MSM_DefaultLit, BlendMode=BLEND_Opaque, SpecialEngine=0, TwoSided=0, TSNormal=1, Masked=0, Distorted=0, WritesEveryPixel=1, ModifiesMeshPosition=0, Usage={}"
"/Game/Inventory/Items/Models/Consumables/RedCan_resized/Material_006.Material_006","0","14","0","2","101","Compiling Material_006: Platform=PCD3D_SM5, Usage=LightingModel=MSM_DefaultLit, BlendMode=BLEND_Opaque, SpecialEngine=0, TwoSided=0, TSNormal=1, Masked=0, Distorted=0, WritesEveryPixel=1, ModifiesMeshPosition=0, Usage={}"
"/Game/Inventory/Items/Models/Consumables/RedCan_resized/Material_003.Material_003","0","14","0","2","101","Compiling Material_003: Platform=PCD3D_SM5, Usage=LightingModel=MSM_DefaultLit, BlendMode=BLEND_Opaque, SpecialEngine=0, TwoSided=0, TSNormal=1, Masked=0, Distorted=0, WritesEveryPixel=1, ModifiesMeshPosition=0, Usage={}"
"/Game/Inventory/Items/Models/Consumables/RedCan/Material_006.Material_006","0","14","0","2","101","Compiling Material_006: Platform=PCD3D_SM5, Usage=LightingModel=MSM_DefaultLit, BlendMode=BLEND_Opaque, SpecialEngine=0, TwoSided=0, TSNormal=1, Masked=0, Distorted=0, WritesEveryPixel=1, ModifiesMeshPosition=0, Usage={}"
"/Game/Inventory/Items/Models/Consumables/RedCan/Material_003.Material_003","0","14","0","2","101","Compiling Material_003: Platform=PCD3D_SM5, Usage=LightingModel=MSM_DefaultLit, BlendMode=BLEND_Opaque, SpecialEngine=0, TwoSided=0, TSNormal=1, Masked=0, Distorted=0, WritesEveryPixel=1, ModifiesMeshPosition=0, Usage={}"
"/Game/Inventory/Items/Models/Consumables/GreenCan_resized/Material_006.Material_006","0","14","0","2","101","Compiling Material_006: Platform=PCD3D_SM5, Usage=LightingModel=MSM_DefaultLit, BlendMode=BLEND_Opaque, SpecialEngine=0, TwoSided=0, TSNormal=1, Masked=0, Distorted=0, WritesEveryPixel=1, ModifiesMeshPosition=0, Usage={}"
"/Game/Inventory/Items/Models/Consumables/GreenCan_resized/Material_003.Material_003","0","14","0","2","101","Compiling Material_003: Platform=PCD3D_SM5, Usage=LightingModel=MSM_DefaultLit, BlendMode=BLEND_Opaque, SpecialEngine=0, TwoSided=0, TSNormal=1, Masked=0, Distorted=0, WritesEveryPixel=1, ModifiesMeshPosition=0, Usage={}"
"/Game/Inventory/Items/Models/Consumables/GreenCan/Material_006.Material_006","0","14","0","2","101","Compiling Material_006: Platform=PCD3D_SM5, Usage=LightingModel=MSM_DefaultLit, BlendMode=BLEND_Opaque, SpecialEngine=0, TwoSided=0, TSNormal=1, Masked=0, Distorted=0, WritesEveryPixel=1, ModifiesMeshPosition=0, Usage={}"
"/Game/Inventory/Items/Models/Consumables/GreenCan/Material_003.Material_003","0","14","0","2","101","Compiling Material_003: Platform=PCD3D_SM5, Usage=LightingModel=MSM_DefaultLit, BlendMode=BLEND_Opaque, SpecialEngine=0, TwoSided=0, TSNormal=1, Masked=0, Distorted=0, WritesEveryPixel=1, ModifiesMeshPosition=0, Usage={}"
"/Game/Inventory/Items/Models/Consumables/DarkBlueCan/Material_006.Material_006","0","14","0","2","101","Compiling Material_006: Platform=PCD3D_SM5, Usage=LightingModel=MSM_DefaultLit, BlendMode=BLEND_Opaque, SpecialEngine=0, TwoSided=0, TSNormal=1, Masked=0, Distorted=0, WritesEveryPixel=1, ModifiesMeshPosition=0, Usage={}"
"/Game/Inventory/Items/Models/Consumables/DarkBlueCan/Material_003.Material_003","0","14","0","2","101","Compiling Material_003: Platform=PCD3D_SM5, Usage=LightingModel=MSM_DefaultLit, BlendMode=BLEND_Opaque, SpecialEngine=0, TwoSided=0, TSNormal=1, Masked=0, Distorted=0, WritesEveryPixel=1, ModifiesMeshPosition=0, Usage={}"
"/Game/Inventory/Items/Models/Consumables/BrownCan_resized/Material_006.Material_006","0","14","0","2","101","Compiling Material_006: Platform=PCD3D_SM5, Usage=LightingModel=MSM_DefaultLit, BlendMode=BLEND_Opaque, SpecialEngine=0, TwoSided=0, TSNormal=1, Masked=0, Distorted=0, WritesEveryPixel=1, ModifiesMeshPosition=0, Usage={}"
"/Game/Inventory/Items/Models/Consumables/BrownCan_resized/Material_003.Material_003","0","14","0","2","101","Compiling Material_003: Platform=PCD3D_SM5, Usage=LightingModel=MSM_DefaultLit, BlendMode=BLEND_Opaque, SpecialEngine=0, TwoSided=0, TSNormal=1, Masked=0, Distorted=0, WritesEveryPixel=1, ModifiesMeshPosition=0, Usage={}"
"/Game/Inventory/Items/Models/Consumables/BrownCan/Material_006.Material_006","0","14","0","2","101","Compiling Material_006: Platform=PCD3D_SM5, Usage=LightingModel=MSM_DefaultLit, BlendMode=BLEND_Opaque, SpecialEngine=0, TwoSided=0, TSNormal=1, Masked=0, Distorted=0, WritesEveryPixel=1, ModifiesMeshPosition=0, Usage={}"
"/Game/Inventory/Items/Models/Consumables/BrownCan/Material_003.Material_003","0","14","0","2","101","Compiling Material_003: Platform=PCD3D_SM5, Usage=LightingModel=MSM_DefaultLit, BlendMode=BLEND_Opaque, SpecialEngine=0, TwoSided=0, TSNormal=1, Masked=0, Distorted=0, WritesEveryPixel=1, ModifiesMeshPosition=0, Usage={}"
"/Game/Inventory/Items/Models/Consumables/BlueBottle/Material_003.Material_003","0","14","0","2","101","Compiling Material_003: Platform=PCD3D_SM5, Usage=LightingModel=MSM_DefaultLit, BlendMode=BLEND_Opaque, SpecialEngine=0, TwoSided=0, TSNormal=1, Masked=0, Distorted=0, WritesEveryPixel=1, ModifiesMeshPosition=0, Usage={}"
"/Game/Inventory/Items/Models/Consumables/BlueBottle/Material_002.Material_002","0","14","0","2","101","Compiling Material_002: Platform=PCD3D_SM5, Usage=LightingModel=MSM_DefaultLit, BlendMode=BLEND_Opaque, SpecialEngine=0, TwoSided=0, TSNormal=1, Masked=0, Distorted=0, WritesEveryPixel=1, ModifiesMeshPosition=0, Usage={}"
"/Game/Inventory/Items/Models/Consumables/BlueBottle/Material_001.Material_001","0","14","0","2","101","Compiling Material_001: Platform=PCD3D_SM5, Usage=LightingModel=MSM_DefaultLit, BlendMode=BLEND_Opaque, SpecialEngine=0, TwoSided=0, TSNormal=1, Masked=0, Distorted=0, WritesEveryPixel=1, ModifiesMeshPosition=0, Usage={}"
"/Game/Inventory/Items/Models/Consumables/BigBottle_resized/Material_003.Material_003","0","14","0","2","101","Compiling Material_003: Platform=PCD3D_SM5, Usage=LightingModel=MSM_DefaultLit, BlendMode=BLEND_Opaque, SpecialEngine=0, TwoSided=0, TSNormal=1, Masked=0, Distorted=0, WritesEveryPixel=1, ModifiesMeshPosition=0, Usage={}"
"/Engine/EditorMaterials/PhAT_UnselectedMaterial.PhAT_UnselectedMaterial","0","3","0","1","8","Compiling PhAT_UnselectedMaterial: Platform=PCD3D_SM5, Usage=LightingModel=MSM_Unlit, BlendMode=BLEND_Translucent, SpecialEngine=0, TwoSided=0, TSNormal=1, Masked=0, Distorted=0, WritesEveryPixel=1, ModifiesMeshPosition=0, Usage={}"
"/MeshModelingToolset/Materials/M_DynamicMeshComponentVtxColor.M_DynamicMeshComponentVtxColor","0","18","0","6","159","Compiling M_DynamicMeshComponentVtxColor: Platform=PCD3D_SM5, Usage=LightingModel=MSM_DefaultLit, BlendMode=BLEND_Opaque, SpecialEngine=0, TwoSided=1, TSNormal=1, Masked=0, Distorted=0, WritesEveryPixel=1, ModifiesMeshPosition=0, Usage={}"
"/Engine/EngineMaterials/GizmoMaterial.GizmoMaterial","0","7","0","3","27","Compiling GizmoMaterial: Platform=PCD3D_SM5, Usage=LightingModel=MSM_Unlit, BlendMode=BLEND_Opaque, SpecialEngine=0, TwoSided=1, TSNormal=1, Masked=0, Distorted=0, WritesEveryPixel=1, ModifiesMeshPosition=0, Usage={}"
"/Engine/EngineDebugMaterials/DebugMeshMaterial.DebugMeshMaterial","0","5","0","5","6","Compiling DebugMeshMaterial: Platform=PCD3D_SM5, Usage=LightingModel=MSM_Unlit, BlendMode=BLEND_Translucent, SpecialEngine=0, TwoSided=1, TSNormal=1, Masked=0, Distorted=0, WritesEveryPixel=1, ModifiesMeshPosition=0, Usage={}"
"/Engine/EngineMaterials/RemoveSurfaceMaterial.RemoveSurfaceMaterial","0","4","0","4","4","Compiling RemoveSurfaceMaterial: Platform=PCD3D_SM5, Usage=LightingModel=MSM_Unlit, BlendMode=BLEND_Opaque, SpecialEngine=0, TwoSided=0, TSNormal=1, Masked=0, Distorted=0, WritesEveryPixel=1, ModifiesMeshPosition=0, Usage={bUsedWithStaticLighting}"
"/Engine/EngineMaterials/NaniteHiddenSectionMaterial.NaniteHiddenSectionMaterial","0","27","0","1","114","Compiling NaniteHiddenSectionMaterial: Platform=PCD3D_SM5, Usage=LightingModel=MSM_DefaultLit, BlendMode=BLEND_Opaque, SpecialEngine=0, TwoSided=1, TSNormal=1, Masked=0, Distorted=0, WritesEveryPixel=1, ModifiesMeshPosition=1, Usage={}"
"/Engine/EditorLandscapeResources/SplineEditorMeshMat.SplineEditorMeshMat","0","12","0","1","69","Compiling SplineEditorMeshMat: Platform=PCD3D_SM5, Usage=LightingModel=MSM_Unlit, BlendMode=BLEND_Opaque, SpecialEngine=0, TwoSided=1, TSNormal=1, Masked=0, Distorted=0, WritesEveryPixel=1, ModifiesMeshPosition=0, Usage={bUsedWithSplineMeshes,bUsedWithNanite}"
"/Engine/EditorMaterials/Camera/CineMat.CineMat","0","26","0","2","128","Compiling CineMat: Platform=PCD3D_SM5, Usage=LightingModel=MSM_DefaultLit, BlendMode=BLEND_Opaque, SpecialEngine=0, TwoSided=0, TSNormal=1, Masked=0, Distorted=0, WritesEveryPixel=1, ModifiesMeshPosition=0, Usage={bUsedWithSplineMeshes}"
"/Engine/VREditor/TransformGizmo/Xray.Xray","0","14","0","2","101","Compiling Xray: Platform=PCD3D_SM5, Usage=LightingModel=MSM_DefaultLit, BlendMode=BLEND_Opaque, SpecialEngine=0, TwoSided=0, TSNormal=1, Masked=0, Distorted=0, WritesEveryPixel=1, ModifiesMeshPosition=0, Usage={}"
"/Engine/VREditor/TransformGizmo/TranslucentTransformGizmoMaterial.TranslucentTransformGizmoMaterial","0","3","0","1","8","Compiling TranslucentTransformGizmoMaterial: Platform=PCD3D_SM5, Usage=LightingModel=MSM_Unlit, BlendMode=BLEND_Translucent, SpecialEngine=0, TwoSided=0, TSNormal=1, Masked=0, Distorted=0, WritesEveryPixel=1, ModifiesMeshPosition=0, Usage={}"
"/Engine/EngineMaterials/DefaultLightFunctionMaterial.DefaultLightFunctionMaterial","0","44","0","7","236","Compiling DefaultLightFunctionMaterial: Platform=PCD3D_SM5, Usage=LightingModel=MSM_Unlit, BlendMode=BLEND_Opaque, SpecialEngine=0, TwoSided=0, TSNormal=1, Masked=0, Distorted=0, WritesEveryPixel=1, ModifiesMeshPosition=0, Usage={}"
"/Engine/EngineMaterials/Widget3DPassThrough.Widget3DPassThrough","0","3","0","3","3","Compiling Widget3DPassThrough: Platform=PCD3D_SM5, Usage=LightingModel=MSM_Unlit, BlendMode=BLEND_Translucent, SpecialEngine=0, TwoSided=0, TSNormal=1, Masked=0, Distorted=0, WritesEveryPixel=1, ModifiesMeshPosition=0, Usage={}"
"/Engine/EngineMaterials/Widget3DPassThrough.Widget3DPassThrough","0","17","0","1","156","Compiling Widget3DPassThrough: Platform=PCD3D_SM5, Usage=LightingModel=MSM_Unlit, BlendMode=BLEND_Masked, SpecialEngine=0, TwoSided=1, TSNormal=1, Masked=1, Distorted=0, WritesEveryPixel=0, ModifiesMeshPosition=0, Usage={}"
"/Engine/EngineMaterials/Widget3DPassThrough.Widget3DPassThrough","0","7","0","1","34","Compiling Widget3DPassThrough: Platform=PCD3D_SM5, Usage=LightingModel=MSM_Unlit, BlendMode=BLEND_Opaque, SpecialEngine=0, TwoSided=1, TSNormal=1, Masked=0, Distorted=0, WritesEveryPixel=1, ModifiesMeshPosition=0, Usage={}"
"/Engine/EngineMaterials/Widget3DPassThrough.Widget3DPassThrough","0","5","0","1","19","Compiling Widget3DPassThrough: Platform=PCD3D_SM5, Usage=LightingModel=MSM_Unlit, BlendMode=BLEND_Translucent, SpecialEngine=0, TwoSided=1, TSNormal=1, Masked=0, Distorted=0, WritesEveryPixel=1, ModifiesMeshPosition=0, Usage={}"
"/Engine/EngineMaterials/Widget3DPassThrough.Widget3DPassThrough","0","17","0","2","131","Compiling Widget3DPassThrough: Platform=PCD3D_SM5, Usage=LightingModel=MSM_Unlit, BlendMode=BLEND_Masked, SpecialEngine=0, TwoSided=0, TSNormal=1, Masked=1, Distorted=0, WritesEveryPixel=0, ModifiesMeshPosition=0, Usage={}"
"/Engine/EngineMaterials/Widget3DPassThrough.Widget3DPassThrough","0","4","0","1","13","Compiling Widget3DPassThrough: Platform=PCD3D_SM5, Usage=LightingModel=MSM_Unlit, BlendMode=BLEND_Opaque, SpecialEngine=0, TwoSided=0, TSNormal=1, Masked=0, Distorted=0, WritesEveryPixel=1, ModifiesMeshPosition=0, Usage={}"
"/Game/FirstPersonArms/Character/Materials/M_Mannequin.M_Mannequin","0","28","0","30","30","Compiling M_Mannequin: Platform=PCD3D_SM5, Usage=LightingModel=MSM_ClearCoat, BlendMode=BLEND_Opaque, SpecialEngine=0, TwoSided=0, TSNormal=1, Masked=0, Distorted=0, WritesEveryPixel=1, ModifiesMeshPosition=0, Usage={bUsedWithSkeletalMesh}, StaticSwitch'UseLogo2-1'=False"
"/Game/FirstPersonArms/Character/Materials/M_Mannequin.M_Mannequin","0","28","0","2","336","Compiling M_Mannequin: Platform=PCD3D_SM5, Usage=LightingModel=MSM_ClearCoat, BlendMode=BLEND_Opaque, SpecialEngine=0, TwoSided=0, TSNormal=1, Masked=0, Distorted=0, WritesEveryPixel=1, ModifiesMeshPosition=0, Usage={bUsedWithSkeletalMesh}, StaticSwitch'UseLogo2-1'=True"
"/Game/LevelPrototyping/Materials/M_PrototypeGrid.M_PrototypeGrid","0","23","0","23","23","Compiling M_PrototypeGrid: Platform=PCD3D_SM5, Usage=LightingModel=MSM_DefaultLit, BlendMode=BLEND_Opaque, SpecialEngine=0, TwoSided=0, TSNormal=1, Masked=0, Distorted=0, WritesEveryPixel=1, ModifiesMeshPosition=0, Usage={bUsedWithStaticLighting}, StaticSwitch'ObjectAligned2-1'=False, StaticSwitch'TopSurfaceColor2-1'=False"
"/Game/LevelPrototyping/Materials/M_PrototypeGrid.M_PrototypeGrid","0","23","0","1","256","Compiling M_PrototypeGrid: Platform=PCD3D_SM5, Usage=LightingModel=MSM_DefaultLit, BlendMode=BLEND_Opaque, SpecialEngine=0, TwoSided=0, TSNormal=1, Masked=0, Distorted=0, WritesEveryPixel=1, ModifiesMeshPosition=0, Usage={bUsedWithStaticLighting}, StaticSwitch'ObjectAligned2-1'=True, StaticSwitch'TopSurfaceColor2-1'=True"
"/Game/LevelPrototyping/Materials/M_PrototypeGrid.M_PrototypeGrid","0","23","0","1","224","Compiling M_PrototypeGrid: Platform=PCD3D_SM5, Usage=LightingModel=MSM_DefaultLit, BlendMode=BLEND_Opaque, SpecialEngine=0, TwoSided=0, TSNormal=1, Masked=0, Distorted=0, WritesEveryPixel=1, ModifiesMeshPosition=0, Usage={bUsedWithStaticLighting}, StaticSwitch'ObjectAligned2-1'=True, StaticSwitch'TopSurfaceColor2-1'=False"
"/Engine/EngineSky/M_SimpleSkyDome.M_SimpleSkyDome","0","4","0","1","13","Compiling M_SimpleSkyDome: Platform=PCD3D_SM5, Usage=LightingModel=MSM_Unlit, BlendMode=BLEND_Opaque, SpecialEngine=0, TwoSided=0, TSNormal=1, Masked=0, Distorted=0, WritesEveryPixel=1, ModifiesMeshPosition=0, Usage={}"
"/Interchange/gltf/M_ClearCoat.M_ClearCoat","0","17","0","1","125","Compiling M_ClearCoat: Platform=PCD3D_SM5, Usage=LightingModel=MSM_ClearCoat, BlendMode=BLEND_Opaque, SpecialEngine=0, TwoSided=1, TSNormal=1, Masked=0, Distorted=0, WritesEveryPixel=1, ModifiesMeshPosition=0, Usage={}"
"/Interchange/gltf/M_ClearCoat.M_ClearCoat","0","22","0","1","178","Compiling M_ClearCoat: Platform=PCD3D_SM5, Usage=LightingModel=MSM_ClearCoat, BlendMode=BLEND_Translucent, SpecialEngine=0, TwoSided=0, TSNormal=1, Masked=0, Distorted=0, WritesEveryPixel=1, ModifiesMeshPosition=0, Usage={}"
"/Interchange/gltf/M_ClearCoat.M_ClearCoat","0","29","0","1","279","Compiling M_ClearCoat: Platform=PCD3D_SM5, Usage=LightingModel=MSM_ClearCoat, BlendMode=BLEND_Masked, SpecialEngine=0, TwoSided=0, TSNormal=1, Masked=1, Distorted=0, WritesEveryPixel=0, ModifiesMeshPosition=0, Usage={}"
"/Interchange/gltf/M_ClearCoat.M_ClearCoat","0","29","0","2","166","Compiling M_ClearCoat: Platform=PCD3D_SM5, Usage=LightingModel=MSM_ClearCoat, BlendMode=BLEND_Masked, SpecialEngine=0, TwoSided=1, TSNormal=1, Masked=1, Distorted=0, WritesEveryPixel=0, ModifiesMeshPosition=0, Usage={}"
"/Interchange/gltf/M_ClearCoat.M_ClearCoat","0","24","0","1","220","Compiling M_ClearCoat: Platform=PCD3D_SM5, Usage=LightingModel=MSM_ClearCoat, BlendMode=BLEND_Translucent, SpecialEngine=0, TwoSided=1, TSNormal=1, Masked=0, Distorted=0, WritesEveryPixel=1, ModifiesMeshPosition=0, Usage={}"
"/Interchange/gltf/M_ClearCoat.M_ClearCoat","0","14","0","1","88","Compiling M_ClearCoat: Platform=PCD3D_SM5, Usage=LightingModel=MSM_ClearCoat, BlendMode=BLEND_Opaque, SpecialEngine=0, TwoSided=0, TSNormal=1, Masked=0, Distorted=0, WritesEveryPixel=1, ModifiesMeshPosition=0, Usage={}"
"/Interchange/gltf/M_Default.M_Default","0","24","0","1","234","Compiling M_Default: Platform=PCD3D_SM5, Usage=LightingModel=MSM_DefaultLit, BlendMode=BLEND_Translucent, SpecialEngine=0, TwoSided=1, TSNormal=1, Masked=0, Distorted=0, WritesEveryPixel=1, ModifiesMeshPosition=0, Usage={}"
"/Interchange/gltf/M_Default.M_Default","0","29","0","2","286","Compiling M_Default: Platform=PCD3D_SM5, Usage=LightingModel=MSM_DefaultLit, BlendMode=BLEND_Masked, SpecialEngine=0, TwoSided=1, TSNormal=1, Masked=1, Distorted=0, WritesEveryPixel=0, ModifiesMeshPosition=0, Usage={}"
"/Interchange/gltf/M_Default.M_Default","0","17","0","1","121","Compiling M_Default: Platform=PCD3D_SM5, Usage=LightingModel=MSM_DefaultLit, BlendMode=BLEND_Opaque, SpecialEngine=0, TwoSided=1, TSNormal=1, Masked=0, Distorted=0, WritesEveryPixel=1, ModifiesMeshPosition=0, Usage={}"
"/Interchange/gltf/M_Default.M_Default","0","22","0","1","146","Compiling M_Default: Platform=PCD3D_SM5, Usage=LightingModel=MSM_DefaultLit, BlendMode=BLEND_Translucent, SpecialEngine=0, TwoSided=0, TSNormal=1, Masked=0, Distorted=0, WritesEveryPixel=1, ModifiesMeshPosition=0, Usage={}"
"/Interchange/gltf/M_Default.M_Default","0","29","0","2","193","Compiling M_Default: Platform=PCD3D_SM5, Usage=LightingModel=MSM_DefaultLit, BlendMode=BLEND_Masked, SpecialEngine=0, TwoSided=0, TSNormal=1, Masked=1, Distorted=0, WritesEveryPixel=0, ModifiesMeshPosition=0, Usage={}"
"/Interchange/gltf/M_Default.M_Default","0","14","0","1","78","Compiling M_Default: Platform=PCD3D_SM5, Usage=LightingModel=MSM_DefaultLit, BlendMode=BLEND_Opaque, SpecialEngine=0, TwoSided=0, TSNormal=1, Masked=0, Distorted=0, WritesEveryPixel=1, ModifiesMeshPosition=0, Usage={}"
"/Engine/EngineMaterials/PPM_DefaultCalibrationColor.PPM_DefaultCalibrationColor","0","4","0","1","13","Compiling PPM_DefaultCalibrationColor: Platform=PCD3D_SM5, Usage=LightingModel=MSM_Unlit, BlendMode=BLEND_Opaque, SpecialEngine=0, TwoSided=0, TSNormal=1, Masked=0, Distorted=0, WritesEveryPixel=1, ModifiesMeshPosition=0, Usage={}"
"/Game/Textures/terrain_mat.terrain_mat","0","67","0","3","596","Compiling terrain_mat: Platform=PCD3D_SM5, Usage=LightingModel=MSM_DefaultLit, BlendMode=BLEND_Opaque, SpecialEngine=0, TwoSided=0, TSNormal=1, Masked=0, Distorted=0, WritesEveryPixel=1, ModifiesMeshPosition=0, Usage={bUsedWithStaticLighting}, StaticTerrainLayer'Rocks'=Weightmap0"
"/Game/Textures/terrain_mat.terrain_mat","0","67","0","4","847","Compiling terrain_mat: Platform=PCD3D_SM5, Usage=LightingModel=MSM_DefaultLit, BlendMode=BLEND_Opaque, SpecialEngine=0, TwoSided=0, TSNormal=1, Masked=0, Distorted=0, WritesEveryPixel=1, ModifiesMeshPosition=0, Usage={bUsedWithStaticLighting}, StaticTerrainLayer'Grass'=Weightmap0, StaticTerrainLayer'Rocks'=Weightmap0"
"/Game/Textures/terrain_mat.terrain_mat","0","67","23","1","1143","Compiling terrain_mat: Platform=PCD3D_SM5, Usage=LightingModel=MSM_DefaultLit, BlendMode=BLEND_Opaque, SpecialEngine=0, TwoSided=0, TSNormal=1, Masked=0, Distorted=0, WritesEveryPixel=1, ModifiesMeshPosition=0, Usage={bUsedWithStaticLighting}"
"/Game/Textures/terrain_mat.terrain_mat","0","67","67","6","1295","Compiling terrain_mat: Platform=PCD3D_SM5, Usage=LightingModel=MSM_DefaultLit, BlendMode=BLEND_Opaque, SpecialEngine=0, TwoSided=0, TSNormal=1, Masked=0, Distorted=0, WritesEveryPixel=1, ModifiesMeshPosition=0, Usage={bUsedWithStaticLighting}, StaticTerrainLayer'Dirt'=Weightmap0, StaticTerrainLayer'Grass'=Weightmap0, StaticTerrainLayer'Obsidian'=Weightmap0, StaticTerrainLayer'Rocks'=Weightmap0"
"/Game/Textures/terrain_mat.terrain_mat","0","67","67","1","1298","Compiling terrain_mat: Platform=PCD3D_SM5, Usage=LightingModel=MSM_DefaultLit, BlendMode=BLEND_Opaque, SpecialEngine=0, TwoSided=0, TSNormal=1, Masked=0, Distorted=0, WritesEveryPixel=1, ModifiesMeshPosition=0, Usage={bUsedWithStaticLighting}, StaticTerrainLayer'Rocks'=Weightmap0, StaticTerrainLayer'Snow'=Weightmap0"
"/Game/Textures/terrain_mat.terrain_mat","0","67","67","1","753","Compiling terrain_mat: Platform=PCD3D_SM5, Usage=LightingModel=MSM_DefaultLit, BlendMode=BLEND_Opaque, SpecialEngine=0, TwoSided=0, TSNormal=1, Masked=0, Distorted=0, WritesEveryPixel=1, ModifiesMeshPosition=0, Usage={bUsedWithStaticLighting}, StaticTerrainLayer'Snow'=Weightmap0"
"/Game/Textures/terrain_mat.terrain_mat","0","67","0","1","812","Compiling terrain_mat: Platform=PCD3D_SM5, Usage=LightingModel=MSM_DefaultLit, BlendMode=BLEND_Opaque, SpecialEngine=0, TwoSided=0, TSNormal=1, Masked=0, Distorted=0, WritesEveryPixel=1, ModifiesMeshPosition=0, Usage={bUsedWithStaticLighting}, StaticTerrainLayer'Grass'=Weightmap0, StaticTerrainLayer'Rocks'=Weightmap0, StaticTerrainLayer'Snow'=Weightmap0"
"/Game/Textures/terrain_mat.terrain_mat","0","67","67","3","821","Compiling terrain_mat: Platform=PCD3D_SM5, Usage=LightingModel=MSM_DefaultLit, BlendMode=BLEND_Opaque, SpecialEngine=0, TwoSided=0, TSNormal=1, Masked=0, Distorted=0, WritesEveryPixel=1, ModifiesMeshPosition=0, Usage={bUsedWithStaticLighting}, StaticTerrainLayer'Dirt'=Weightmap0, StaticTerrainLayer'Grass'=Weightmap0, StaticTerrainLayer'Rocks'=Weightmap0"
"/Game/Textures/terrain_mat.terrain_mat","0","67","0","9","461","Compiling terrain_mat: Platform=PCD3D_SM5, Usage=LightingModel=MSM_DefaultLit, BlendMode=BLEND_Opaque, SpecialEngine=0, TwoSided=0, TSNormal=1, Masked=0, Distorted=0, WritesEveryPixel=1, ModifiesMeshPosition=0, Usage={bUsedWithStaticLighting}, StaticTerrainLayer'Grass'=Weightmap0"
"/Game/Textures/terrain_mat.terrain_mat","0","67","67","1","850","Compiling terrain_mat: Platform=PCD3D_SM5, Usage=LightingModel=MSM_DefaultLit, BlendMode=BLEND_Opaque, SpecialEngine=0, TwoSided=0, TSNormal=1, Masked=0, Distorted=0, WritesEveryPixel=1, ModifiesMeshPosition=0, Usage={bUsedWithStaticLighting}, StaticTerrainLayer'Grass'=Weightmap0, StaticTerrainLayer'Obsidian'=Weightmap0, StaticTerrainLayer'Rocks'=Weightmap0, StaticTerrainLayer'Snow'=Weightmap0"
"/Game/Textures/terrain_mat.terrain_mat","0","67","67","2","727","Compiling terrain_mat: Platform=PCD3D_SM5, Usage=LightingModel=MSM_DefaultLit, BlendMode=BLEND_Opaque, SpecialEngine=0, TwoSided=0, TSNormal=1, Masked=0, Distorted=0, WritesEveryPixel=1, ModifiesMeshPosition=0, Usage={bUsedWithStaticLighting}, StaticTerrainLayer'Grass'=Weightmap0, StaticTerrainLayer'Obsidian'=Weightmap0, StaticTerrainLayer'Rocks'=Weightmap0"
"/Engine/EngineSky/M_Sky_Panning_Clouds2.M_Sky_Panning_Clouds2","0","4","0","1","11","Compiling M_Sky_Panning_Clouds2: Platform=PCD3D_SM5, Usage=LightingModel=MSM_Unlit, BlendMode=BLEND_Opaque, SpecialEngine=0, TwoSided=0, TSNormal=1, Masked=0, Distorted=0, WritesEveryPixel=1, ModifiesMeshPosition=0, Usage={bUsedWithStaticLighting}"
"/Paper2D/DefaultSpriteMaterial.DefaultSpriteMaterial","0","12","0","1","63","Compiling DefaultSpriteMaterial: Platform=PCD3D_SM5, Usage=LightingModel=MSM_Unlit, BlendMode=BLEND_Opaque, SpecialEngine=0, TwoSided=1, TSNormal=1, Masked=0, Distorted=0, WritesEveryPixel=1, ModifiesMeshPosition=0, Usage={bUsedWithNiagaraSprites}"
"/Paper2D/DefaultSpriteMaterial.DefaultSpriteMaterial","0","32","0","1","189","Compiling DefaultSpriteMaterial: Platform=PCD3D_SM5, Usage=LightingModel=MSM_Unlit, BlendMode=BLEND_Masked, SpecialEngine=0, TwoSided=1, TSNormal=1, Masked=1, Distorted=0, WritesEveryPixel=0, ModifiesMeshPosition=0, Usage={bUsedWithNiagaraSprites}"
"/Engine/EngineMaterials/DefaultTextMaterialOpaque.DefaultTextMaterialOpaque","0","29","0","6","274","Compiling DefaultTextMaterialOpaque: Platform=PCD3D_SM5, Usage=LightingModel=MSM_DefaultLit, BlendMode=BLEND_Masked, SpecialEngine=0, TwoSided=1, TSNormal=1, Masked=1, Distorted=0, WritesEveryPixel=0, ModifiesMeshPosition=0, Usage={}"
"/Game/Textures/obsidian_480p_Pillar.obsidian_480p_Pillar","0","23","0","1","187","Compiling obsidian_480p_Pillar: Platform=PCD3D_SM5, Usage=LightingModel=MSM_DefaultLit, BlendMode=BLEND_Opaque, SpecialEngine=0, TwoSided=0, TSNormal=1, Masked=0, Distorted=0, WritesEveryPixel=1, ModifiesMeshPosition=0, Usage={bUsedWithStaticLighting}"
"/Engine/OpenWorldTemplate/LandscapeMaterial/M_ProcGrid.M_ProcGrid","0","14","0","1","87","Compiling M_ProcGrid: Platform=PCD3D_SM5, Usage=LightingModel=MSM_DefaultLit, BlendMode=BLEND_Opaque, SpecialEngine=0, TwoSided=0, TSNormal=1, Masked=0, Distorted=0, WritesEveryPixel=1, ModifiesMeshPosition=0, Usage={bUsedWithNanite}, StaticSwitch'Enable Side Tint2-1'=True, StaticSwitch'ObjectAligned2-1'=False, StaticSwitch'Tri-Planar (Or Uni-Planar)2-1'=False, StaticSwitch'Water Level Tint2-1'=True"
"/Engine/OpenWorldTemplate/LandscapeMaterial/M_ProcGrid.M_ProcGrid","0","14","0","1","87","Compiling M_ProcGrid: Platform=PCD3D_SM5, Usage=LightingModel=MSM_DefaultLit, BlendMode=BLEND_Opaque, SpecialEngine=0, TwoSided=0, TSNormal=1, Masked=0, Distorted=0, WritesEveryPixel=1, ModifiesMeshPosition=0, Usage={bUsedWithNanite}, StaticSwitch'Enable Side Tint2-1'=False, StaticSwitch'ObjectAligned2-1'=True, StaticSwitch'Tri-Planar (Or Uni-Planar)2-1'=True, StaticSwitch'Water Level Tint2-1'=False"
"/Interchange/gltf/M_Unlit.M_Unlit","0","4","0","1","13","Compiling M_Unlit: Platform=PCD3D_SM5, Usage=LightingModel=MSM_Unlit, BlendMode=BLEND_Opaque, SpecialEngine=0, TwoSided=0, TSNormal=1, Masked=0, Distorted=0, WritesEveryPixel=1, ModifiesMeshPosition=0, Usage={}"
"/Interchange/gltf/M_Unlit.M_Unlit","0","9","0","1","53","Compiling M_Unlit: Platform=PCD3D_SM5, Usage=LightingModel=MSM_Unlit, BlendMode=BLEND_Translucent, SpecialEngine=0, TwoSided=1, TSNormal=1, Masked=0, Distorted=0, WritesEveryPixel=1, ModifiesMeshPosition=0, Usage={}"
"/Interchange/gltf/M_Unlit.M_Unlit","0","17","0","1","103","Compiling M_Unlit: Platform=PCD3D_SM5, Usage=LightingModel=MSM_Unlit, BlendMode=BLEND_Masked, SpecialEngine=0, TwoSided=1, TSNormal=1, Masked=1, Distorted=0, WritesEveryPixel=0, ModifiesMeshPosition=0, Usage={}"
"/Interchange/gltf/M_Unlit.M_Unlit","0","7","0","1","33","Compiling M_Unlit: Platform=PCD3D_SM5, Usage=LightingModel=MSM_Unlit, BlendMode=BLEND_Opaque, SpecialEngine=0, TwoSided=1, TSNormal=1, Masked=0, Distorted=0, WritesEveryPixel=1, ModifiesMeshPosition=0, Usage={}"
"/Interchange/gltf/M_Unlit.M_Unlit","0","7","0","1","32","Compiling M_Unlit: Platform=PCD3D_SM5, Usage=LightingModel=MSM_Unlit, BlendMode=BLEND_Translucent, SpecialEngine=0, TwoSided=0, TSNormal=1, Masked=0, Distorted=0, WritesEveryPixel=1, ModifiesMeshPosition=0, Usage={}"
"/Interchange/gltf/M_Unlit.M_Unlit","0","17","0","1","99","Compiling M_Unlit: Platform=PCD3D_SM5, Usage=LightingModel=MSM_Unlit, BlendMode=BLEND_Masked, SpecialEngine=0, TwoSided=0, TSNormal=1, Masked=1, Distorted=0, WritesEveryPixel=0, ModifiesMeshPosition=0, Usage={}"
"/SpeedTreeImporter/SpeedTree9/SpeedTreeBillboardMaster.SpeedTreeBillboardMaster","0","58","0","1","678","Compiling SpeedTreeBillboardMaster: Platform=PCD3D_SM5, Usage=LightingModel=MSM_TwoSidedFoliage, BlendMode=BLEND_Masked, SpecialEngine=0, TwoSided=0, TSNormal=1, Masked=1, Distorted=0, WritesEveryPixel=0, ModifiesMeshPosition=1, Usage={bUsedWithInstancedStaticMeshes}, StaticSwitch'SharedEnable2-1'=True"
"/Engine/VREditor/SnapGrid/SnapGridMaterial.SnapGridMaterial","0","10","0","1","55","Compiling SnapGridMaterial: Platform=PCD3D_SM5, Usage=LightingModel=MSM_Unlit, BlendMode=BLEND_Translucent, SpecialEngine=0, TwoSided=1, TSNormal=1, Masked=0, Distorted=0, WritesEveryPixel=1, ModifiesMeshPosition=0, Usage={bUsedWithStaticLighting,bUsedWithSplineMeshes}"
"/SpeedTreeImporter/SpeedTree9/SpeedTreeMaster.SpeedTreeMaster","0","84","0","1","1373","Compiling SpeedTreeMaster: Platform=PCD3D_SM5, Usage=LightingModel=MSM_TwoSidedFoliage, BlendMode=BLEND_Masked, SpecialEngine=0, TwoSided=1, TSNormal=1, Masked=1, Distorted=0, WritesEveryPixel=0, ModifiesMeshPosition=1, Usage={bUsedWithStaticLighting,bUsedWithInstancedStaticMeshes}, StaticSwitch'Branch1Enable2-1'=True, StaticSwitch'Branch2Enable2-1'=False, StaticSwitch'FlipBacksideNormals2-1'=True, StaticSwitch'HandleCameraFacing2-1'=False, StaticSwitch'HasBranch2Data_Internal2-1'=False, StaticSwitch'RippleEnable2-1'=True, StaticSwitch'RippleShimmerEnable2-1'=False, StaticSwitch'SharedEnable2-1'=True"
"/Engine/EngineSky/VolumetricClouds/m_SimpleVolumetricCloud.m_SimpleVolumetricCloud","0","68","0","1","941","Compiling m_SimpleVolumetricCloud: Platform=PCD3D_SM5, Usage=LightingModel=MSM_DefaultLit, BlendMode=BLEND_Additive, SpecialEngine=0, TwoSided=0, TSNormal=1, Masked=0, Distorted=0, WritesEveryPixel=1, ModifiesMeshPosition=0, Usage={bUsedWithVolumetricCloud}"
"/Game/Textures/obsidian_480p_Mat.obsidian_480p_Mat","0","23","0","1","139","Compiling obsidian_480p_Mat: Platform=PCD3D_SM5, Usage=LightingModel=MSM_DefaultLit, BlendMode=BLEND_Opaque, SpecialEngine=0, TwoSided=0, TSNormal=1, Masked=0, Distorted=0, WritesEveryPixel=1, ModifiesMeshPosition=0, Usage={bUsedWithStaticLighting}"
"/Game/Models/Foliage/foliage_mat.foliage_mat","0","58","0","1","823","Compiling foliage_mat: Platform=PCD3D_SM5, Usage=LightingModel=MSM_DefaultLit, BlendMode=BLEND_Masked, SpecialEngine=0, TwoSided=1, TSNormal=1, Masked=1, Distorted=0, WritesEveryPixel=0, ModifiesMeshPosition=0, Usage={bUsedWithInstancedStaticMeshes}"
"/Interchange/gltf/M_SpecularGlossiness.M_SpecularGlossiness","0","14","0","1","61","Compiling M_SpecularGlossiness: Platform=PCD3D_SM5, Usage=LightingModel=MSM_DefaultLit, BlendMode=BLEND_Opaque, SpecialEngine=0, TwoSided=0, TSNormal=1, Masked=0, Distorted=0, WritesEveryPixel=1, ModifiesMeshPosition=0, Usage={}"
"/Interchange/gltf/M_SpecularGlossiness.M_SpecularGlossiness","0","24","0","1","209","Compiling M_SpecularGlossiness: Platform=PCD3D_SM5, Usage=LightingModel=MSM_DefaultLit, BlendMode=BLEND_Translucent, SpecialEngine=0, TwoSided=1, TSNormal=1, Masked=0, Distorted=0, WritesEveryPixel=1, ModifiesMeshPosition=0, Usage={}"
"/Interchange/gltf/M_SpecularGlossiness.M_SpecularGlossiness","0","29","0","1","324","Compiling M_SpecularGlossiness: Platform=PCD3D_SM5, Usage=LightingModel=MSM_DefaultLit, BlendMode=BLEND_Masked, SpecialEngine=0, TwoSided=1, TSNormal=1, Masked=1, Distorted=0, WritesEveryPixel=0, ModifiesMeshPosition=0, Usage={}"
"/Interchange/gltf/M_SpecularGlossiness.M_SpecularGlossiness","0","17","0","1","154","Compiling M_SpecularGlossiness: Platform=PCD3D_SM5, Usage=LightingModel=MSM_DefaultLit, BlendMode=BLEND_Opaque, SpecialEngine=0, TwoSided=1, TSNormal=1, Masked=0, Distorted=0, WritesEveryPixel=1, ModifiesMeshPosition=0, Usage={}"
"/Interchange/gltf/M_SpecularGlossiness.M_SpecularGlossiness","0","22","0","1","193","Compiling M_SpecularGlossiness: Platform=PCD3D_SM5, Usage=LightingModel=MSM_DefaultLit, BlendMode=BLEND_Translucent, SpecialEngine=0, TwoSided=0, TSNormal=1, Masked=0, Distorted=0, WritesEveryPixel=1, ModifiesMeshPosition=0, Usage={}"
"/Interchange/gltf/M_SpecularGlossiness.M_SpecularGlossiness","0","29","0","1","242","Compiling M_SpecularGlossiness: Platform=PCD3D_SM5, Usage=LightingModel=MSM_DefaultLit, BlendMode=BLEND_Masked, SpecialEngine=0, TwoSided=0, TSNormal=1, Masked=1, Distorted=0, WritesEveryPixel=0, ModifiesMeshPosition=0, Usage={}"
"/Interchange/gltf/M_Transmission.M_Transmission","0","24","0","1","129","Compiling M_Transmission: Platform=PCD3D_SM5, Usage=LightingModel=MSM_ThinTranslucent, BlendMode=BLEND_Translucent, SpecialEngine=0, TwoSided=0, TSNormal=1, Masked=0, Distorted=1, WritesEveryPixel=1, ModifiesMeshPosition=0, Usage={}"
"/Interchange/gltf/M_Transmission.M_Transmission","0","26","0","1","224","Compiling M_Transmission: Platform=PCD3D_SM5, Usage=LightingModel=MSM_ThinTranslucent, BlendMode=BLEND_Translucent, SpecialEngine=0, TwoSided=1, TSNormal=1, Masked=0, Distorted=1, WritesEveryPixel=1, ModifiesMeshPosition=0, Usage={}"
"/Game/Models/Cross/Material.Material","0","14","0","1","95","Compiling Material: Platform=PCD3D_SM5, Usage=LightingModel=MSM_DefaultLit, BlendMode=BLEND_Opaque, SpecialEngine=0, TwoSided=0, TSNormal=1, Masked=0, Distorted=0, WritesEveryPixel=1, ModifiesMeshPosition=0, Usage={}"
"/Game/Models/Cross/Material_001.Material_001","0","14","0","1","95","Compiling Material_001: Platform=PCD3D_SM5, Usage=LightingModel=MSM_DefaultLit, BlendMode=BLEND_Opaque, SpecialEngine=0, TwoSided=0, TSNormal=1, Masked=0, Distorted=0, WritesEveryPixel=1, ModifiesMeshPosition=0, Usage={}"
"/Game/LevelPrototyping/Textures/T_GridChecker_A_Mat.T_GridChecker_A_Mat","0","14","0","2","84","Compiling T_GridChecker_A_Mat: Platform=PCD3D_SM5, Usage=LightingModel=MSM_DefaultLit, BlendMode=BLEND_Opaque, SpecialEngine=0, TwoSided=0, TSNormal=1, Masked=0, Distorted=0, WritesEveryPixel=1, ModifiesMeshPosition=0, Usage={}"
"/Interchange/gltf/M_Sheen.M_Sheen","0","14","0","1","69","Compiling M_Sheen: Platform=PCD3D_SM5, Usage=LightingModel=MSM_Cloth, BlendMode=BLEND_Opaque, SpecialEngine=0, TwoSided=0, TSNormal=1, Masked=0, Distorted=0, WritesEveryPixel=1, ModifiesMeshPosition=0, Usage={}"
"/Interchange/gltf/M_Sheen.M_Sheen","0","24","0","1","196","Compiling M_Sheen: Platform=PCD3D_SM5, Usage=LightingModel=MSM_Cloth, BlendMode=BLEND_Translucent, SpecialEngine=0, TwoSided=1, TSNormal=1, Masked=0, Distorted=0, WritesEveryPixel=1, ModifiesMeshPosition=0, Usage={}"
"/Interchange/gltf/M_Sheen.M_Sheen","0","29","0","1","255","Compiling M_Sheen: Platform=PCD3D_SM5, Usage=LightingModel=MSM_Cloth, BlendMode=BLEND_Masked, SpecialEngine=0, TwoSided=1, TSNormal=1, Masked=1, Distorted=0, WritesEveryPixel=0, ModifiesMeshPosition=0, Usage={}"
"/Interchange/gltf/M_Sheen.M_Sheen","0","17","0","1","137","Compiling M_Sheen: Platform=PCD3D_SM5, Usage=LightingModel=MSM_Cloth, BlendMode=BLEND_Opaque, SpecialEngine=0, TwoSided=1, TSNormal=1, Masked=0, Distorted=0, WritesEveryPixel=1, ModifiesMeshPosition=0, Usage={}"
"/Interchange/gltf/M_Sheen.M_Sheen","0","22","0","1","142","Compiling M_Sheen: Platform=PCD3D_SM5, Usage=LightingModel=MSM_Cloth, BlendMode=BLEND_Translucent, SpecialEngine=0, TwoSided=0, TSNormal=1, Masked=0, Distorted=0, WritesEveryPixel=1, ModifiesMeshPosition=0, Usage={}"
"/Interchange/gltf/M_Sheen.M_Sheen","0","29","0","1","240","Compiling M_Sheen: Platform=PCD3D_SM5, Usage=LightingModel=MSM_Cloth, BlendMode=BLEND_Masked, SpecialEngine=0, TwoSided=0, TSNormal=1, Masked=1, Distorted=0, WritesEveryPixel=0, ModifiesMeshPosition=0, Usage={}"
"/Engine/EngineMaterials/PPM_DefaultCalibrationGrayscale.PPM_DefaultCalibrationGrayscale","0","4","0","4","5","Compiling PPM_DefaultCalibrationGrayscale: Platform=PCD3D_SM5, Usage=LightingModel=MSM_Unlit, BlendMode=BLEND_Opaque, SpecialEngine=0, TwoSided=0, TSNormal=1, Masked=0, Distorted=0, WritesEveryPixel=1, ModifiesMeshPosition=0, Usage={}"
"/Engine/EditorMaterials/PreviewShadowIndicatorMaterial.PreviewShadowIndicatorMaterial","0","36","0","1","356","Compiling PreviewShadowIndicatorMaterial: Platform=PCD3D_SM5, Usage=LightingModel=MSM_Unlit, BlendMode=BLEND_Opaque, SpecialEngine=0, TwoSided=0, TSNormal=1, Masked=0, Distorted=0, WritesEveryPixel=1, ModifiesMeshPosition=0, Usage={}"
"/Game/UI/Message.Message","0","10","0","1","52","Compiling Message: Platform=PCD3D_SM5, Usage=LightingModel=MSM_Unlit, BlendMode=BLEND_Translucent, SpecialEngine=0, TwoSided=0, TSNormal=1, Masked=0, Distorted=0, WritesEveryPixel=1, ModifiesMeshPosition=0, Usage={}"
"/Engine/BasicShapes/BasicShapeMaterial.BasicShapeMaterial","0","67","0","1","1050","Compiling BasicShapeMaterial: Platform=PCD3D_SM5, Usage=LightingModel=MSM_DefaultLit, BlendMode=BLEND_Opaque, SpecialEngine=0, TwoSided=0, TSNormal=1, Masked=0, Distorted=0, WritesEveryPixel=1, ModifiesMeshPosition=0, Usage={bUsedWithStaticLighting,bUsedWithInstancedStaticMeshes,bUsedWithGeometryCollections,bUsedWithNanite}"
"/Game/FPWeapon/Materials/M_FPGun.M_FPGun","0","54","0","1","827","Compiling M_FPGun: Platform=PCD3D_SM5, Usage=LightingModel=MSM_DefaultLit, BlendMode=BLEND_Masked, SpecialEngine=0, TwoSided=0, TSNormal=1, Masked=1, Distorted=0, WritesEveryPixel=0, ModifiesMeshPosition=0, Usage={bUsedWithSkeletalMesh}"
"/Engine/VREditor/TransformGizmo/TransformGizmoMaterial.TransformGizmoMaterial","0","4","0","1","11","Compiling TransformGizmoMaterial: Platform=PCD3D_SM5, Usage=LightingModel=MSM_Unlit, BlendMode=BLEND_Opaque, SpecialEngine=0, TwoSided=0, TSNormal=1, Masked=0, Distorted=0, WritesEveryPixel=1, ModifiesMeshPosition=0, Usage={}"
"/Engine/EngineMaterials/DefaultPostProcessMaterial.DefaultPostProcessMaterial","0","22","0","1","172","Compiling DefaultPostProcessMaterial: Platform=PCD3D_SM5, Usage=LightingModel=MSM_Unlit, BlendMode=BLEND_Opaque, SpecialEngine=0, TwoSided=0, TSNormal=1, Masked=0, Distorted=0, WritesEveryPixel=1, ModifiesMeshPosition=0, Usage={bUsedWithSkeletalMesh,bUsedWithStaticLighting}"
"/Engine/EngineMaterials/DefaultDeferredDecalMaterial.DefaultDeferredDecalMaterial","0","111","0","1","2087","Compiling DefaultDeferredDecalMaterial: Platform=PCD3D_SM5, Usage=LightingModel=MSM_DefaultLit, BlendMode=BLEND_Translucent, SpecialEngine=0, TwoSided=0, TSNormal=1, Masked=0, Distorted=0, WritesEveryPixel=1, ModifiesMeshPosition=0, Usage={bUsedWithSkeletalMesh,bUsedWithStaticLighting,bUsedWithSplineMeshes}"
"/Game/Textures/WEARESTILLHERE_Mat.WEARESTILLHERE_Mat","0","42","0","3","286","Compiling WEARESTILLHERE_Mat: Platform=PCD3D_SM5, Usage=LightingModel=MSM_DefaultLit, BlendMode=BLEND_Masked, SpecialEngine=0, TwoSided=0, TSNormal=1, Masked=1, Distorted=0, WritesEveryPixel=0, ModifiesMeshPosition=0, Usage={bUsedWithStaticLighting}"
"/Game/Models/Nature/Material_001.Material_001","0","23","0","4","89","Compiling Material_001: Platform=PCD3D_SM5, Usage=LightingModel=MSM_DefaultLit, BlendMode=BLEND_Opaque, SpecialEngine=0, TwoSided=0, TSNormal=1, Masked=0, Distorted=0, WritesEveryPixel=1, ModifiesMeshPosition=0, Usage={bUsedWithStaticLighting}"
"/Game/Models/Nature/Material_002.Material_002","0","23","0","4","89","Compiling Material_002: Platform=PCD3D_SM5, Usage=LightingModel=MSM_DefaultLit, BlendMode=BLEND_Opaque, SpecialEngine=0, TwoSided=0, TSNormal=1, Masked=0, Distorted=0, WritesEveryPixel=1, ModifiesMeshPosition=0, Usage={bUsedWithStaticLighting}"
"/Engine/EngineMaterials/DefaultMaterial.DefaultMaterial","0","127","0","7","2270","Compiling DefaultMaterial: Platform=PCD3D_SM5, Usage=LightingModel=MSM_DefaultLit, BlendMode=BLEND_Opaque, SpecialEngine=0, TwoSided=0, TSNormal=1, Masked=0, Distorted=0, WritesEveryPixel=1, ModifiesMeshPosition=0, Usage={bUsedWithSkeletalMesh,bUsedWithMeshParticles,bUsedWithStaticLighting,bUsedWithSplineMeshes,bUsedWithInstancedStaticMeshes,bUsedWithNiagaraSprites,bUsedWithNiagaraRibbons,bUsedWithNiagaraMeshParticles}"
"/Engine/EngineMaterials/FlattenMaterial_WS_Normal_VT.FlattenMaterial_WS_Normal_VT","0","35","0","2","253","Compiling FlattenMaterial_WS_Normal_VT: Platform=PCD3D_SM5, Usage=LightingModel=MSM_DefaultLit, BlendMode=BLEND_Opaque, SpecialEngine=0, TwoSided=0, TSNormal=0, Masked=0, Distorted=0, WritesEveryPixel=1, ModifiesMeshPosition=0, Usage={bUsedWithSkeletalMesh,bUsedWithStaticLighting,bUsedWithMorphTargets,bUsedWithNanite}, StaticSwitch'PackMetallic2-1'=False, StaticSwitch'PackRoughness2-1'=False, StaticSwitch'PackSpecular2-1'=False, StaticSwitch'UseAmbientOcclusion2-1'=False, StaticSwitch'UseBaseColor2-1'=False, StaticSwitch'UseCustomUV2-1'=False, StaticSwitch'UseEmissiveColor2-1'=False, StaticSwitch'UseEmissiveHDR2-1'=False, StaticSwitch'UseMetallic2-1'=False, StaticSwitch'UseOpacity2-1'=False, StaticSwitch'UseOpacityMask2-1'=False, StaticSwitch'UseRoughness2-1'=False, StaticSwitch'UseSpecular2-1'=False, StaticSwitch'UseUV12-1'=False, StaticSwitch'UseUV22-1'=False, StaticSwitch'UseUV32-1'=False, StaticSwitch'UseUV42-1'=False, StaticSwitch'UseUV52-1'=False, StaticSwitch'UseUV62-1'=False"
"/Engine/EngineMaterials/FlattenMaterial_VT.FlattenMaterial_VT","0","35","0","2","196","Compiling FlattenMaterial_VT: Platform=PCD3D_SM5, Usage=LightingModel=MSM_DefaultLit, BlendMode=BLEND_Opaque, SpecialEngine=0, TwoSided=0, TSNormal=1, Masked=0, Distorted=0, WritesEveryPixel=1, ModifiesMeshPosition=0, Usage={bUsedWithSkeletalMesh,bUsedWithStaticLighting,bUsedWithMorphTargets,bUsedWithNanite}, StaticSwitch'PackMetallic2-1'=False, StaticSwitch'PackRoughness2-1'=False, StaticSwitch'PackSpecular2-1'=False, StaticSwitch'UseAmbientOcclusion2-1'=False, StaticSwitch'UseBaseColor2-1'=False, StaticSwitch'UseCustomUV2-1'=False, StaticSwitch'UseEmissiveColor2-1'=False, StaticSwitch'UseEmissiveHDR2-1'=False, StaticSwitch'UseMetallic2-1'=False, StaticSwitch'UseOpacity2-1'=False, StaticSwitch'UseOpacityMask2-1'=False, StaticSwitch'UseRoughness2-1'=False, StaticSwitch'UseSpecular2-1'=False, StaticSwitch'UseUV12-1'=False, StaticSwitch'UseUV22-1'=False, StaticSwitch'UseUV32-1'=False, StaticSwitch'UseUV42-1'=False, StaticSwitch'UseUV52-1'=False, StaticSwitch'UseUV62-1'=False"
"/Engine/EngineMaterials/FlattenMaterial.FlattenMaterial","0","35","0","11","190","Compiling FlattenMaterial: Platform=PCD3D_SM5, Usage=LightingModel=MSM_DefaultLit, BlendMode=BLEND_Opaque, SpecialEngine=0, TwoSided=0, TSNormal=1, Masked=0, Distorted=0, WritesEveryPixel=1, ModifiesMeshPosition=0, Usage={bUsedWithSkeletalMesh,bUsedWithStaticLighting,bUsedWithMorphTargets,bUsedWithNanite}, StaticSwitch'PackMetallic2-1'=False, StaticSwitch'PackRoughness2-1'=False, StaticSwitch'PackSpecular2-1'=False, StaticSwitch'UseAmbientOcclusion2-1'=False, StaticSwitch'UseBaseColor2-1'=False, StaticSwitch'UseCustomUV2-1'=False, StaticSwitch'UseEmissiveColor2-1'=False, StaticSwitch'UseEmissiveHDR2-1'=False, StaticSwitch'UseMetallic2-1'=False, StaticSwitch'UseOpacity2-1'=False, StaticSwitch'UseOpacityMask2-1'=False, StaticSwitch'UseRoughness2-1'=False, StaticSwitch'UseSpecular2-1'=False, StaticSwitch'UseUV12-1'=False, StaticSwitch'UseUV22-1'=False, StaticSwitch'UseUV32-1'=False, StaticSwitch'UseUV42-1'=False, StaticSwitch'UseUV52-1'=False, StaticSwitch'UseUV62-1'=False"
"/Engine/EngineMaterials/M_InvalidLightmapSettings.M_InvalidLightmapSettings","0","28","0","7","106","Compiling M_InvalidLightmapSettings: Platform=PCD3D_SM5, Usage=LightingModel=MSM_DefaultLit, BlendMode=BLEND_Opaque, SpecialEngine=0, TwoSided=0, TSNormal=1, Masked=0, Distorted=0, WritesEveryPixel=1, ModifiesMeshPosition=0, Usage={bUsedWithInstancedStaticMeshes}"
"/Engine/EngineMaterials/EmissiveMeshMaterial.EmissiveMeshMaterial","0","5","0","5","8","Compiling EmissiveMeshMaterial: Platform=PCD3D_SM5, Usage=LightingModel=MSM_Unlit, BlendMode=BLEND_Additive, SpecialEngine=0, TwoSided=1, TSNormal=1, Masked=0, Distorted=0, WritesEveryPixel=1, ModifiesMeshPosition=0, Usage={}"
"/Engine/EngineMaterials/PhAT_JointLimitMaterial.PhAT_JointLimitMaterial","0","8","0","2","33","Compiling PhAT_JointLimitMaterial: Platform=PCD3D_SM5, Usage=LightingModel=MSM_Unlit, BlendMode=BLEND_Translucent, SpecialEngine=0, TwoSided=1, TSNormal=1, Masked=0, Distorted=0, WritesEveryPixel=1, ModifiesMeshPosition=1, Usage={}"
"/ControlRig/M_Manip.M_Manip","0","8","0","1","24","Compiling M_Manip: Platform=PCD3D_SM5, Usage=LightingModel=MSM_Unlit, BlendMode=BLEND_Translucent, SpecialEngine=0, TwoSided=0, TSNormal=1, Masked=0, Distorted=0, WritesEveryPixel=1, ModifiesMeshPosition=1, Usage={}"
"/Engine/EngineDebugMaterials/M_VolumeRenderSphereTracePP.M_VolumeRenderSphereTracePP","0","4","0","4","4","Compiling M_VolumeRenderSphereTracePP: Platform=PCD3D_SM5, Usage=LightingModel=MSM_Unlit, BlendMode=BLEND_Opaque, SpecialEngine=0, TwoSided=0, TSNormal=1, Masked=0, Distorted=0, WritesEveryPixel=1, ModifiesMeshPosition=0, Usage={}"
"/Engine/EngineMaterials/WorldGridMaterial.WorldGridMaterial","0","824","0","10","13431","Compiling WorldGridMaterial: Platform=PCD3D_SM5, Usage=LightingModel=MSM_DefaultLit, BlendMode=BLEND_Opaque, SpecialEngine=1, TwoSided=0, TSNormal=1, Masked=0, Distorted=0, WritesEveryPixel=1, ModifiesMeshPosition=0, Usage={}"
"Globals","49","5639","0","0","0",""
"/ControlRig/Controls/ControlRigGizmoMaterial.ControlRigGizmoMaterial","49","4","0","1","11","Compiling ControlRigGizmoMaterial: Platform=PCD3D_SM6, Usage=LightingModel=MSM_Unlit, BlendMode=BLEND_Opaque, SpecialEngine=0, TwoSided=0, TSNormal=1, Masked=0, Distorted=0, WritesEveryPixel=1, ModifiesMeshPosition=0, Usage={}"
"/Engine/EngineDebugMaterials/DebugEditorMaterial.DebugEditorMaterial","49","7","0","5","22","Compiling DebugEditorMaterial: Platform=PCD3D_SM6, Usage=LightingModel=MSM_Unlit, BlendMode=BLEND_Opaque, SpecialEngine=0, TwoSided=1, TSNormal=1, Masked=0, Distorted=0, WritesEveryPixel=1, ModifiesMeshPosition=0, Usage={}"
"/Engine/EditorMaterials/PhAT_NoCollisionMaterial.PhAT_NoCollisionMaterial","49","3","0","3","5","Compiling PhAT_NoCollisionMaterial: Platform=PCD3D_SM6, Usage=LightingModel=MSM_Unlit, BlendMode=BLEND_Translucent, SpecialEngine=0, TwoSided=0, TSNormal=1, Masked=0, Distorted=0, WritesEveryPixel=1, ModifiesMeshPosition=0, Usage={}"
"/Engine/EditorMaterials/PhAT_UnselectedMaterial.PhAT_UnselectedMaterial","49","3","0","1","8","Compiling PhAT_UnselectedMaterial: Platform=PCD3D_SM6, Usage=LightingModel=MSM_Unlit, BlendMode=BLEND_Translucent, SpecialEngine=0, TwoSided=0, TSNormal=1, Masked=0, Distorted=0, WritesEveryPixel=1, ModifiesMeshPosition=0, Usage={}"
"/MeshModelingToolset/Materials/M_DynamicMeshComponentVtxColor.M_DynamicMeshComponentVtxColor","49","18","0","3","61","Compiling M_DynamicMeshComponentVtxColor: Platform=PCD3D_SM6, Usage=LightingModel=MSM_DefaultLit, BlendMode=BLEND_Opaque, SpecialEngine=0, TwoSided=1, TSNormal=1, Masked=0, Distorted=0, WritesEveryPixel=1, ModifiesMeshPosition=0, Usage={}"
"/Engine/EngineMaterials/GizmoMaterial.GizmoMaterial","49","7","0","8","9","Compiling GizmoMaterial: Platform=PCD3D_SM6, Usage=LightingModel=MSM_Unlit, BlendMode=BLEND_Opaque, SpecialEngine=0, TwoSided=1, TSNormal=1, Masked=0, Distorted=0, WritesEveryPixel=1, ModifiesMeshPosition=0, Usage={}"
"/Engine/EngineDebugMaterials/DebugMeshMaterial.DebugMeshMaterial","49","5","0","5","5","Compiling DebugMeshMaterial: Platform=PCD3D_SM6, Usage=LightingModel=MSM_Unlit, BlendMode=BLEND_Translucent, SpecialEngine=0, TwoSided=1, TSNormal=1, Masked=0, Distorted=0, WritesEveryPixel=1, ModifiesMeshPosition=0, Usage={}"
"/Engine/EngineMaterials/RemoveSurfaceMaterial.RemoveSurfaceMaterial","49","4","0","4","5","Compiling RemoveSurfaceMaterial: Platform=PCD3D_SM6, Usage=LightingModel=MSM_Unlit, BlendMode=BLEND_Opaque, SpecialEngine=0, TwoSided=0, TSNormal=1, Masked=0, Distorted=0, WritesEveryPixel=1, ModifiesMeshPosition=0, Usage={bUsedWithStaticLighting}"
"/Engine/EngineMaterials/NaniteHiddenSectionMaterial.NaniteHiddenSectionMaterial","49","29","0","31","41","Compiling NaniteHiddenSectionMaterial: Platform=PCD3D_SM6, Usage=LightingModel=MSM_DefaultLit, BlendMode=BLEND_Opaque, SpecialEngine=0, TwoSided=1, TSNormal=1, Masked=0, Distorted=0, WritesEveryPixel=1, ModifiesMeshPosition=1, Usage={}"
"/ControlRig/Controls/ControlRigXRayMaterial.ControlRigXRayMaterial","49","8","0","9","9","Compiling ControlRigXRayMaterial: Platform=PCD3D_SM6, Usage=LightingModel=MSM_Unlit, BlendMode=BLEND_Translucent, SpecialEngine=0, TwoSided=0, TSNormal=1, Masked=0, Distorted=0, WritesEveryPixel=1, ModifiesMeshPosition=1, Usage={bUsedWithStaticLighting}"
"/Engine/EditorLandscapeResources/SplineEditorMeshMat.SplineEditorMeshMat","49","14","0","16","16","Compiling SplineEditorMeshMat: Platform=PCD3D_SM6, Usage=LightingModel=MSM_Unlit, BlendMode=BLEND_Opaque, SpecialEngine=0, TwoSided=1, TSNormal=1, Masked=0, Distorted=0, WritesEveryPixel=1, ModifiesMeshPosition=0, Usage={bUsedWithSplineMeshes,bUsedWithNanite}"
"/Engine/EngineDebugMaterials/M_SimpleUnlitTranslucent.M_SimpleUnlitTranslucent","49","3","0","3","3","Compiling M_SimpleUnlitTranslucent: Platform=PCD3D_SM6, Usage=LightingModel=MSM_Unlit, BlendMode=BLEND_Translucent, SpecialEngine=0, TwoSided=0, TSNormal=1, Masked=0, Distorted=0, WritesEveryPixel=1, ModifiesMeshPosition=0, Usage={}"
"/Engine/EditorMaterials/Camera/CineMat.CineMat","49","26","0","9","62","Compiling CineMat: Platform=PCD3D_SM6, Usage=LightingModel=MSM_DefaultLit, BlendMode=BLEND_Opaque, SpecialEngine=0, TwoSided=0, TSNormal=1, Masked=0, Distorted=0, WritesEveryPixel=1, ModifiesMeshPosition=0, Usage={bUsedWithSplineMeshes}"
"/Engine/VREditor/TransformGizmo/Xray.Xray","49","14","0","14","14","Compiling Xray: Platform=PCD3D_SM6, Usage=LightingModel=MSM_DefaultLit, BlendMode=BLEND_Opaque, SpecialEngine=0, TwoSided=0, TSNormal=1, Masked=0, Distorted=0, WritesEveryPixel=1, ModifiesMeshPosition=0, Usage={}"
"/Engine/VREditor/TransformGizmo/TranslucentTransformGizmoMaterial.TranslucentTransformGizmoMaterial","49","3","0","3","4","Compiling TranslucentTransformGizmoMaterial: Platform=PCD3D_SM6, Usage=LightingModel=MSM_Unlit, BlendMode=BLEND_Translucent, SpecialEngine=0, TwoSided=0, TSNormal=1, Masked=0, Distorted=0, WritesEveryPixel=1, ModifiesMeshPosition=0, Usage={}"
"/Engine/EngineMaterials/DefaultLightFunctionMaterial.DefaultLightFunctionMaterial","49","52","0","2","149","Compiling DefaultLightFunctionMaterial: Platform=PCD3D_SM6, Usage=LightingModel=MSM_Unlit, BlendMode=BLEND_Opaque, SpecialEngine=0, TwoSided=0, TSNormal=1, Masked=0, Distorted=0, WritesEveryPixel=1, ModifiesMeshPosition=0, Usage={}"
"/Engine/VREditor/TransformGizmo/Main.Main","49","3","0","3","3","Compiling Main: Platform=PCD3D_SM6, Usage=LightingModel=MSM_Unlit, BlendMode=BLEND_Translucent, SpecialEngine=0, TwoSided=0, TSNormal=1, Masked=0, Distorted=0, WritesEveryPixel=1, ModifiesMeshPosition=0, Usage={}"
"/Game/UI/Circle.Circle","49","24","0","7","66","Compiling Circle: Platform=PCD3D_SM6, Usage=LightingModel=MSM_Unlit, BlendMode=BLEND_Masked, SpecialEngine=0, TwoSided=0, TSNormal=1, Masked=1, Distorted=0, WritesEveryPixel=0, ModifiesMeshPosition=0, Usage={}"
"/Game/LevelPrototyping/Materials/M_Solid.M_Solid","49","26","0","26","38","Compiling M_Solid: Platform=PCD3D_SM6, Usage=LightingModel=MSM_DefaultLit, BlendMode=BLEND_Opaque, SpecialEngine=0, TwoSided=0, TSNormal=1, Masked=0, Distorted=0, WritesEveryPixel=1, ModifiesMeshPosition=0, Usage={bUsedWithSkeletalMesh}"
"/Game/Models/Table/Material.Material","49","14","0","14","14","Compiling Material: Platform=PCD3D_SM6, Usage=LightingModel=MSM_DefaultLit, BlendMode=BLEND_Opaque, SpecialEngine=0, TwoSided=0, TSNormal=1, Masked=0, Distorted=0, WritesEveryPixel=1, ModifiesMeshPosition=0, Usage={}"
"/Game/Inventory/Items/Models/Consumables/RedCan_resized/Material_006.Material_006","49","14","0","14","14","Compiling Material_006: Platform=PCD3D_SM6, Usage=LightingModel=MSM_DefaultLit, BlendMode=BLEND_Opaque, SpecialEngine=0, TwoSided=0, TSNormal=1, Masked=0, Distorted=0, WritesEveryPixel=1, ModifiesMeshPosition=0, Usage={}"
"/Game/Inventory/Items/Models/Consumables/RedCan_resized/Material_003.Material_003","49","14","0","14","14","Compiling Material_003: Platform=PCD3D_SM6, Usage=LightingModel=MSM_DefaultLit, BlendMode=BLEND_Opaque, SpecialEngine=0, TwoSided=0, TSNormal=1, Masked=0, Distorted=0, WritesEveryPixel=1, ModifiesMeshPosition=0, Usage={}"
"/Game/Inventory/Items/Models/Consumables/RedCan/Material_006.Material_006","49","14","0","14","14","Compiling Material_006: Platform=PCD3D_SM6, Usage=LightingModel=MSM_DefaultLit, BlendMode=BLEND_Opaque, SpecialEngine=0, TwoSided=0, TSNormal=1, Masked=0, Distorted=0, WritesEveryPixel=1, ModifiesMeshPosition=0, Usage={}"
"/Game/Inventory/Items/Models/Consumables/RedCan/Material_003.Material_003","49","14","0","14","14","Compiling Material_003: Platform=PCD3D_SM6, Usage=LightingModel=MSM_DefaultLit, BlendMode=BLEND_Opaque, SpecialEngine=0, TwoSided=0, TSNormal=1, Masked=0, Distorted=0, WritesEveryPixel=1, ModifiesMeshPosition=0, Usage={}"
"/Game/Inventory/Items/Models/Consumables/GreenCan_resized/Material_003.Material_003","49","14","0","14","14","Compiling Material_003: Platform=PCD3D_SM6, Usage=LightingModel=MSM_DefaultLit, BlendMode=BLEND_Opaque, SpecialEngine=0, TwoSided=0, TSNormal=1, Masked=0, Distorted=0, WritesEveryPixel=1, ModifiesMeshPosition=0, Usage={}"
"/Game/Inventory/Items/Models/Consumables/GreenCan/Material_006.Material_006","49","14","0","14","14","Compiling Material_006: Platform=PCD3D_SM6, Usage=LightingModel=MSM_DefaultLit, BlendMode=BLEND_Opaque, SpecialEngine=0, TwoSided=0, TSNormal=1, Masked=0, Distorted=0, WritesEveryPixel=1, ModifiesMeshPosition=0, Usage={}"
"/Game/Inventory/Items/Models/Consumables/GreenCan_resized/Material_006.Material_006","49","14","0","14","14","Compiling Material_006: Platform=PCD3D_SM6, Usage=LightingModel=MSM_DefaultLit, BlendMode=BLEND_Opaque, SpecialEngine=0, TwoSided=0, TSNormal=1, Masked=0, Distorted=0, WritesEveryPixel=1, ModifiesMeshPosition=0, Usage={}"
"/Game/Inventory/Items/Models/Consumables/GreenCan/Material_003.Material_003","49","14","0","14","24","Compiling Material_003: Platform=PCD3D_SM6, Usage=LightingModel=MSM_DefaultLit, BlendMode=BLEND_Opaque, SpecialEngine=0, TwoSided=0, TSNormal=1, Masked=0, Distorted=0, WritesEveryPixel=1, ModifiesMeshPosition=0, Usage={}"
"/Game/Inventory/Items/Models/Consumables/DarkBlueCan/Material_003.Material_003","49","14","0","14","14","Compiling Material_003: Platform=PCD3D_SM6, Usage=LightingModel=MSM_DefaultLit, BlendMode=BLEND_Opaque, SpecialEngine=0, TwoSided=0, TSNormal=1, Masked=0, Distorted=0, WritesEveryPixel=1, ModifiesMeshPosition=0, Usage={}"
"/Game/Inventory/Items/Models/Consumables/BrownCan_resized/Material_006.Material_006","49","14","0","14","14","Compiling Material_006: Platform=PCD3D_SM6, Usage=LightingModel=MSM_DefaultLit, BlendMode=BLEND_Opaque, SpecialEngine=0, TwoSided=0, TSNormal=1, Masked=0, Distorted=0, WritesEveryPixel=1, ModifiesMeshPosition=0, Usage={}"
"/Game/Inventory/Items/Models/Consumables/BrownCan_resized/Material_003.Material_003","49","14","0","14","14","Compiling Material_003: Platform=PCD3D_SM6, Usage=LightingModel=MSM_DefaultLit, BlendMode=BLEND_Opaque, SpecialEngine=0, TwoSided=0, TSNormal=1, Masked=0, Distorted=0, WritesEveryPixel=1, ModifiesMeshPosition=0, Usage={}"
"/Game/Inventory/Items/Models/Consumables/DarkBlueCan/Material_006.Material_006","49","14","0","14","14","Compiling Material_006: Platform=PCD3D_SM6, Usage=LightingModel=MSM_DefaultLit, BlendMode=BLEND_Opaque, SpecialEngine=0, TwoSided=0, TSNormal=1, Masked=0, Distorted=0, WritesEveryPixel=1, ModifiesMeshPosition=0, Usage={}"
"/Game/Inventory/Items/Models/Consumables/BrownCan/Material_006.Material_006","49","14","0","14","14","Compiling Material_006: Platform=PCD3D_SM6, Usage=LightingModel=MSM_DefaultLit, BlendMode=BLEND_Opaque, SpecialEngine=0, TwoSided=0, TSNormal=1, Masked=0, Distorted=0, WritesEveryPixel=1, ModifiesMeshPosition=0, Usage={}"
"/Game/Inventory/Items/Models/Consumables/BrownCan/Material_003.Material_003","49","14","0","14","14","Compiling Material_003: Platform=PCD3D_SM6, Usage=LightingModel=MSM_DefaultLit, BlendMode=BLEND_Opaque, SpecialEngine=0, TwoSided=0, TSNormal=1, Masked=0, Distorted=0, WritesEveryPixel=1, ModifiesMeshPosition=0, Usage={}"
"/Game/Inventory/Items/Models/Consumables/BlueBottle/Material_002.Material_002","49","14","0","14","14","Compiling Material_002: Platform=PCD3D_SM6, Usage=LightingModel=MSM_DefaultLit, BlendMode=BLEND_Opaque, SpecialEngine=0, TwoSided=0, TSNormal=1, Masked=0, Distorted=0, WritesEveryPixel=1, ModifiesMeshPosition=0, Usage={}"
"/Game/Inventory/Items/Models/Consumables/BlueBottle/Material_001.Material_001","49","14","0","14","25","Compiling Material_001: Platform=PCD3D_SM6, Usage=LightingModel=MSM_DefaultLit, BlendMode=BLEND_Opaque, SpecialEngine=0, TwoSided=0, TSNormal=1, Masked=0, Distorted=0, WritesEveryPixel=1, ModifiesMeshPosition=0, Usage={}"
"/Game/Inventory/Items/Models/Consumables/BlueBottle/Material_003.Material_003","49","14","0","14","14","Compiling Material_003: Platform=PCD3D_SM6, Usage=LightingModel=MSM_DefaultLit, BlendMode=BLEND_Opaque, SpecialEngine=0, TwoSided=0, TSNormal=1, Masked=0, Distorted=0, WritesEveryPixel=1, ModifiesMeshPosition=0, Usage={}"
"/Game/Inventory/Items/Models/Consumables/BigBottle_resized/Material_003.Material_003","49","14","0","14","14","Compiling Material_003: Platform=PCD3D_SM6, Usage=LightingModel=MSM_DefaultLit, BlendMode=BLEND_Opaque, SpecialEngine=0, TwoSided=0, TSNormal=1, Masked=0, Distorted=0, WritesEveryPixel=1, ModifiesMeshPosition=0, Usage={}"
"/Game/Inventory/Items/Models/Consumables/BigBottle_resized/Material_002.Material_002","49","14","0","14","14","Compiling Material_002: Platform=PCD3D_SM6, Usage=LightingModel=MSM_DefaultLit, BlendMode=BLEND_Opaque, SpecialEngine=0, TwoSided=0, TSNormal=1, Masked=0, Distorted=0, WritesEveryPixel=1, ModifiesMeshPosition=0, Usage={}"
"/Game/Inventory/Items/Models/Consumables/BigBottle_resized/Material_001.Material_001","49","14","0","14","14","Compiling Material_001: Platform=PCD3D_SM6, Usage=LightingModel=MSM_DefaultLit, BlendMode=BLEND_Opaque, SpecialEngine=0, TwoSided=0, TSNormal=1, Masked=0, Distorted=0, WritesEveryPixel=1, ModifiesMeshPosition=0, Usage={}"
"/Game/FPWeapon/Materials/BaseMaterial.BaseMaterial","49","35","0","35","47","Compiling BaseMaterial: Platform=PCD3D_SM6, Usage=LightingModel=MSM_DefaultLit, BlendMode=BLEND_Opaque, SpecialEngine=0, TwoSided=0, TSNormal=1, Masked=0, Distorted=0, WritesEveryPixel=1, ModifiesMeshPosition=0, Usage={bUsedWithSkeletalMesh,bUsedWithStaticLighting}"
"/Engine/EngineSky/M_SimpleSkyDome.M_SimpleSkyDome","49","4","0","4","4","Compiling M_SimpleSkyDome: Platform=PCD3D_SM6, Usage=LightingModel=MSM_Unlit, BlendMode=BLEND_Opaque, SpecialEngine=0, TwoSided=0, TSNormal=1, Masked=0, Distorted=0, WritesEveryPixel=1, ModifiesMeshPosition=0, Usage={}"
"/Engine/BasicShapes/BasicShapeMaterial.BasicShapeMaterial","49","82","0","6","2956","Compiling BasicShapeMaterial: Platform=PCD3D_SM6, Usage=LightingModel=MSM_DefaultLit, BlendMode=BLEND_Opaque, SpecialEngine=0, TwoSided=0, TSNormal=1, Masked=0, Distorted=0, WritesEveryPixel=1, ModifiesMeshPosition=0, Usage={bUsedWithStaticLighting,bUsedWithInstancedStaticMeshes,bUsedWithGeometryCollections,bUsedWithNanite}"
"/Engine/EngineMaterials/Widget3DPassThrough.Widget3DPassThrough","49","3","0","3","3","Compiling Widget3DPassThrough: Platform=PCD3D_SM6, Usage=LightingModel=MSM_Unlit, BlendMode=BLEND_Translucent, SpecialEngine=0, TwoSided=0, TSNormal=1, Masked=0, Distorted=0, WritesEveryPixel=1, ModifiesMeshPosition=0, Usage={}"
"/Engine/EngineMaterials/Widget3DPassThrough.Widget3DPassThrough","49","19","0","3","137","Compiling Widget3DPassThrough: Platform=PCD3D_SM6, Usage=LightingModel=MSM_Unlit, BlendMode=BLEND_Masked, SpecialEngine=0, TwoSided=1, TSNormal=1, Masked=1, Distorted=0, WritesEveryPixel=0, ModifiesMeshPosition=0, Usage={}"
"/Engine/EngineMaterials/Widget3DPassThrough.Widget3DPassThrough","49","5","0","2","17","Compiling Widget3DPassThrough: Platform=PCD3D_SM6, Usage=LightingModel=MSM_Unlit, BlendMode=BLEND_Translucent, SpecialEngine=0, TwoSided=1, TSNormal=1, Masked=0, Distorted=0, WritesEveryPixel=1, ModifiesMeshPosition=0, Usage={}"
"/Engine/EngineMaterials/Widget3DPassThrough.Widget3DPassThrough","49","7","0","4","23","Compiling Widget3DPassThrough: Platform=PCD3D_SM6, Usage=LightingModel=MSM_Unlit, BlendMode=BLEND_Opaque, SpecialEngine=0, TwoSided=1, TSNormal=1, Masked=0, Distorted=0, WritesEveryPixel=1, ModifiesMeshPosition=0, Usage={}"
"/Engine/EngineMaterials/Widget3DPassThrough.Widget3DPassThrough","49","19","0","1","138","Compiling Widget3DPassThrough: Platform=PCD3D_SM6, Usage=LightingModel=MSM_Unlit, BlendMode=BLEND_Masked, SpecialEngine=0, TwoSided=0, TSNormal=1, Masked=1, Distorted=0, WritesEveryPixel=0, ModifiesMeshPosition=0, Usage={}"
"/Engine/EngineMaterials/Widget3DPassThrough.Widget3DPassThrough","49","4","0","1","13","Compiling Widget3DPassThrough: Platform=PCD3D_SM6, Usage=LightingModel=MSM_Unlit, BlendMode=BLEND_Opaque, SpecialEngine=0, TwoSided=0, TSNormal=1, Masked=0, Distorted=0, WritesEveryPixel=1, ModifiesMeshPosition=0, Usage={}"
"/Engine/EngineMaterials/DefaultPostProcessMaterial.DefaultPostProcessMaterial","49","22","0","9","139","Compiling DefaultPostProcessMaterial: Platform=PCD3D_SM6, Usage=LightingModel=MSM_Unlit, BlendMode=BLEND_Opaque, SpecialEngine=0, TwoSided=0, TSNormal=1, Masked=0, Distorted=0, WritesEveryPixel=1, ModifiesMeshPosition=0, Usage={bUsedWithSkeletalMesh,bUsedWithStaticLighting}"
"/Engine/EngineMaterials/DefaultDeferredDecalMaterial.DefaultDeferredDecalMaterial","49","111","0","1","5726","Compiling DefaultDeferredDecalMaterial: Platform=PCD3D_SM6, Usage=LightingModel=MSM_DefaultLit, BlendMode=BLEND_Translucent, SpecialEngine=0, TwoSided=0, TSNormal=1, Masked=0, Distorted=0, WritesEveryPixel=1, ModifiesMeshPosition=0, Usage={bUsedWithSkeletalMesh,bUsedWithStaticLighting,bUsedWithSplineMeshes}"
"/Engine/VREditor/TransformGizmo/TransformGizmoMaterial.TransformGizmoMaterial","49","4","0","1","13","Compiling TransformGizmoMaterial: Platform=PCD3D_SM6, Usage=LightingModel=MSM_Unlit, BlendMode=BLEND_Opaque, SpecialEngine=0, TwoSided=0, TSNormal=1, Masked=0, Distorted=0, WritesEveryPixel=1, ModifiesMeshPosition=0, Usage={}"
"/Engine/EngineMaterials/DefaultMaterial.DefaultMaterial","49","127","0","1","6869","Compiling DefaultMaterial: Platform=PCD3D_SM6, Usage=LightingModel=MSM_DefaultLit, BlendMode=BLEND_Opaque, SpecialEngine=0, TwoSided=0, TSNormal=1, Masked=0, Distorted=0, WritesEveryPixel=1, ModifiesMeshPosition=0, Usage={bUsedWithSkeletalMesh,bUsedWithMeshParticles,bUsedWithStaticLighting,bUsedWithSplineMeshes,bUsedWithInstancedStaticMeshes,bUsedWithNiagaraSprites,bUsedWithNiagaraRibbons,bUsedWithNiagaraMeshParticles}"
"/Engine/EngineMaterials/FlattenMaterial_WS_Normal_VT.FlattenMaterial_WS_Normal_VT","49","50","0","1","1292","Compiling FlattenMaterial_WS_Normal_VT: Platform=PCD3D_SM6, Usage=LightingModel=MSM_DefaultLit, BlendMode=BLEND_Opaque, SpecialEngine=0, TwoSided=0, TSNormal=0, Masked=0, Distorted=0, WritesEveryPixel=1, ModifiesMeshPosition=0, Usage={bUsedWithSkeletalMesh,bUsedWithStaticLighting,bUsedWithMorphTargets,bUsedWithNanite}, StaticSwitch'PackMetallic2-1'=False, StaticSwitch'PackRoughness2-1'=False, StaticSwitch'PackSpecular2-1'=False, StaticSwitch'UseAmbientOcclusion2-1'=False, StaticSwitch'UseBaseColor2-1'=False, StaticSwitch'UseCustomUV2-1'=False, StaticSwitch'UseEmissiveColor2-1'=False, StaticSwitch'UseEmissiveHDR2-1'=False, StaticSwitch'UseMetallic2-1'=False, StaticSwitch'UseOpacity2-1'=False, StaticSwitch'UseOpacityMask2-1'=False, StaticSwitch'UseRoughness2-1'=False, StaticSwitch'UseSpecular2-1'=False, StaticSwitch'UseUV12-1'=False, StaticSwitch'UseUV22-1'=False, StaticSwitch'UseUV32-1'=False, StaticSwitch'UseUV42-1'=False, StaticSwitch'UseUV52-1'=False, StaticSwitch'UseUV62-1'=False"
"/Engine/EngineMaterials/FlattenMaterial_VT.FlattenMaterial_VT","49","50","0","1","1296","Compiling FlattenMaterial_VT: Platform=PCD3D_SM6, Usage=LightingModel=MSM_DefaultLit, BlendMode=BLEND_Opaque, SpecialEngine=0, TwoSided=0, TSNormal=1, Masked=0, Distorted=0, WritesEveryPixel=1, ModifiesMeshPosition=0, Usage={bUsedWithSkeletalMesh,bUsedWithStaticLighting,bUsedWithMorphTargets,bUsedWithNanite}, StaticSwitch'PackMetallic2-1'=False, StaticSwitch'PackRoughness2-1'=False, StaticSwitch'PackSpecular2-1'=False, StaticSwitch'UseAmbientOcclusion2-1'=False, StaticSwitch'UseBaseColor2-1'=False, StaticSwitch'UseCustomUV2-1'=False, StaticSwitch'UseEmissiveColor2-1'=False, StaticSwitch'UseEmissiveHDR2-1'=False, StaticSwitch'UseMetallic2-1'=False, StaticSwitch'UseOpacity2-1'=False, StaticSwitch'UseOpacityMask2-1'=False, StaticSwitch'UseRoughness2-1'=False, StaticSwitch'UseSpecular2-1'=False, StaticSwitch'UseUV12-1'=False, StaticSwitch'UseUV22-1'=False, StaticSwitch'UseUV32-1'=False, StaticSwitch'UseUV42-1'=False, StaticSwitch'UseUV52-1'=False, StaticSwitch'UseUV62-1'=False"
"/Engine/EngineMaterials/FlattenMaterial.FlattenMaterial","49","50","0","1","1186","Compiling FlattenMaterial: Platform=PCD3D_SM6, Usage=LightingModel=MSM_DefaultLit, BlendMode=BLEND_Opaque, SpecialEngine=0, TwoSided=0, TSNormal=1, Masked=0, Distorted=0, WritesEveryPixel=1, ModifiesMeshPosition=0, Usage={bUsedWithSkeletalMesh,bUsedWithStaticLighting,bUsedWithMorphTargets,bUsedWithNanite}, StaticSwitch'PackMetallic2-1'=False, StaticSwitch'PackRoughness2-1'=False, StaticSwitch'PackSpecular2-1'=False, StaticSwitch'UseAmbientOcclusion2-1'=False, StaticSwitch'UseBaseColor2-1'=False, StaticSwitch'UseCustomUV2-1'=False, StaticSwitch'UseEmissiveColor2-1'=False, StaticSwitch'UseEmissiveHDR2-1'=False, StaticSwitch'UseMetallic2-1'=False, StaticSwitch'UseOpacity2-1'=False, StaticSwitch'UseOpacityMask2-1'=False, StaticSwitch'UseRoughness2-1'=False, StaticSwitch'UseSpecular2-1'=False, StaticSwitch'UseUV12-1'=False, StaticSwitch'UseUV22-1'=False, StaticSwitch'UseUV32-1'=False, StaticSwitch'UseUV42-1'=False, StaticSwitch'UseUV52-1'=False, StaticSwitch'UseUV62-1'=False"
"/Engine/EngineMaterials/M_InvalidLightmapSettings.M_InvalidLightmapSettings","49","28","0","1","306","Compiling M_InvalidLightmapSettings: Platform=PCD3D_SM6, Usage=LightingModel=MSM_DefaultLit, BlendMode=BLEND_Opaque, SpecialEngine=0, TwoSided=0, TSNormal=1, Masked=0, Distorted=0, WritesEveryPixel=1, ModifiesMeshPosition=0, Usage={bUsedWithInstancedStaticMeshes}"
"/Engine/EngineMaterials/EmissiveMeshMaterial.EmissiveMeshMaterial","49","5","0","1","19","Compiling EmissiveMeshMaterial: Platform=PCD3D_SM6, Usage=LightingModel=MSM_Unlit, BlendMode=BLEND_Additive, SpecialEngine=0, TwoSided=1, TSNormal=1, Masked=0, Distorted=0, WritesEveryPixel=1, ModifiesMeshPosition=0, Usage={}"
"/Paper2D/DefaultSpriteMaterial.DefaultSpriteMaterial","49","36","0","1","599","Compiling DefaultSpriteMaterial: Platform=PCD3D_SM6, Usage=LightingModel=MSM_Unlit, BlendMode=BLEND_Masked, SpecialEngine=0, TwoSided=1, TSNormal=1, Masked=1, Distorted=0, WritesEveryPixel=0, ModifiesMeshPosition=0, Usage={bUsedWithNiagaraSprites}"
"/Paper2D/DefaultSpriteMaterial.DefaultSpriteMaterial","49","12","0","6","86","Compiling DefaultSpriteMaterial: Platform=PCD3D_SM6, Usage=LightingModel=MSM_Unlit, BlendMode=BLEND_Opaque, SpecialEngine=0, TwoSided=1, TSNormal=1, Masked=0, Distorted=0, WritesEveryPixel=1, ModifiesMeshPosition=0, Usage={bUsedWithNiagaraSprites}"
"/Engine/EngineMaterials/PhAT_JointLimitMaterial.PhAT_JointLimitMaterial","49","8","0","1","39","Compiling PhAT_JointLimitMaterial: Platform=PCD3D_SM6, Usage=LightingModel=MSM_Unlit, BlendMode=BLEND_Translucent, SpecialEngine=0, TwoSided=1, TSNormal=1, Masked=0, Distorted=0, WritesEveryPixel=1, ModifiesMeshPosition=1, Usage={}"
"/ControlRig/M_Manip.M_Manip","49","8","0","4","44","Compiling M_Manip: Platform=PCD3D_SM6, Usage=LightingModel=MSM_Unlit, BlendMode=BLEND_Translucent, SpecialEngine=0, TwoSided=0, TSNormal=1, Masked=0, Distorted=0, WritesEveryPixel=1, ModifiesMeshPosition=1, Usage={}"
"/Engine/EngineDebugMaterials/M_VolumeRenderSphereTracePP.M_VolumeRenderSphereTracePP","49","4","0","4","7","Compiling M_VolumeRenderSphereTracePP: Platform=PCD3D_SM6, Usage=LightingModel=MSM_Unlit, BlendMode=BLEND_Opaque, SpecialEngine=0, TwoSided=0, TSNormal=1, Masked=0, Distorted=0, WritesEveryPixel=1, ModifiesMeshPosition=0, Usage={}"
"/Engine/EngineMaterials/WorldGridMaterial.WorldGridMaterial","49","989","0","6","77390","Compiling WorldGridMaterial: Platform=PCD3D_SM6, Usage=LightingModel=MSM_DefaultLit, BlendMode=BLEND_Opaque, SpecialEngine=1, TwoSided=0, TSNormal=1, Masked=0, Distorted=0, WritesEveryPixel=1, ModifiesMeshPosition=0, Usage={}"
"/Game/Textures/WEARESTILLHERE_Mat.WEARESTILLHERE_Mat","49","44","0","1","441","Compiling WEARESTILLHERE_Mat: Platform=PCD3D_SM6, Usage=LightingModel=MSM_DefaultLit, BlendMode=BLEND_Masked, SpecialEngine=0, TwoSided=0, TSNormal=1, Masked=1, Distorted=0, WritesEveryPixel=0, ModifiesMeshPosition=0, Usage={bUsedWithStaticLighting}"
"/Game/Models/Nature/Material_001.Material_001","49","23","0","1","178","Compiling Material_001: Platform=PCD3D_SM6, Usage=LightingModel=MSM_DefaultLit, BlendMode=BLEND_Opaque, SpecialEngine=0, TwoSided=0, TSNormal=1, Masked=0, Distorted=0, WritesEveryPixel=1, ModifiesMeshPosition=0, Usage={bUsedWithStaticLighting}"
"/Game/Textures/obsidian_480p_Pillar.obsidian_480p_Pillar","49","23","0","1","238","Compiling obsidian_480p_Pillar: Platform=PCD3D_SM6, Usage=LightingModel=MSM_DefaultLit, BlendMode=BLEND_Opaque, SpecialEngine=0, TwoSided=0, TSNormal=1, Masked=0, Distorted=0, WritesEveryPixel=1, ModifiesMeshPosition=0, Usage={bUsedWithStaticLighting}"
"/Engine/EngineMaterials/DefaultTextMaterialOpaque.DefaultTextMaterialOpaque","49","31","0","1","294","Compiling DefaultTextMaterialOpaque: Platform=PCD3D_SM6, Usage=LightingModel=MSM_DefaultLit, BlendMode=BLEND_Masked, SpecialEngine=0, TwoSided=1, TSNormal=1, Masked=1, Distorted=0, WritesEveryPixel=0, ModifiesMeshPosition=0, Usage={}"
"/Game/Models/Nature/Material_002.Material_002","49","23","0","1","178","Compiling Material_002: Platform=PCD3D_SM6, Usage=LightingModel=MSM_DefaultLit, BlendMode=BLEND_Opaque, SpecialEngine=0, TwoSided=0, TSNormal=1, Masked=0, Distorted=0, WritesEveryPixel=1, ModifiesMeshPosition=0, Usage={bUsedWithStaticLighting}"
"/Game/Textures/obsidian_480p_Mat.obsidian_480p_Mat","49","23","0","1","238","Compiling obsidian_480p_Mat: Platform=PCD3D_SM6, Usage=LightingModel=MSM_DefaultLit, BlendMode=BLEND_Opaque, SpecialEngine=0, TwoSided=0, TSNormal=1, Masked=0, Distorted=0, WritesEveryPixel=1, ModifiesMeshPosition=0, Usage={bUsedWithStaticLighting}"
"/Game/Textures/terrain_mat.terrain_mat","49","23","67","2","872","Compiling terrain_mat: Platform=PCD3D_SM6, Usage=LightingModel=MSM_DefaultLit, BlendMode=BLEND_Opaque, SpecialEngine=0, TwoSided=0, TSNormal=1, Masked=0, Distorted=0, WritesEveryPixel=1, ModifiesMeshPosition=0, Usage={bUsedWithStaticLighting}"
"/Game/Textures/terrain_mat.terrain_mat","49","67","0","1","613","Compiling terrain_mat: Platform=PCD3D_SM6, Usage=LightingModel=MSM_DefaultLit, BlendMode=BLEND_Opaque, SpecialEngine=0, TwoSided=0, TSNormal=1, Masked=0, Distorted=0, WritesEveryPixel=1, ModifiesMeshPosition=0, Usage={bUsedWithStaticLighting}, StaticTerrainLayer'Rocks'=Weightmap0"
"/Game/Textures/terrain_mat.terrain_mat","49","67","0","2","714","Compiling terrain_mat: Platform=PCD3D_SM6, Usage=LightingModel=MSM_DefaultLit, BlendMode=BLEND_Opaque, SpecialEngine=0, TwoSided=0, TSNormal=1, Masked=0, Distorted=0, WritesEveryPixel=1, ModifiesMeshPosition=0, Usage={bUsedWithStaticLighting}, StaticTerrainLayer'Grass'=Weightmap0, StaticTerrainLayer'Rocks'=Weightmap0"
"/Game/Textures/terrain_mat.terrain_mat","49","67","0","10","647","Compiling terrain_mat: Platform=PCD3D_SM6, Usage=LightingModel=MSM_DefaultLit, BlendMode=BLEND_Opaque, SpecialEngine=0, TwoSided=0, TSNormal=1, Masked=0, Distorted=0, WritesEveryPixel=1, ModifiesMeshPosition=0, Usage={bUsedWithStaticLighting}, StaticTerrainLayer'Grass'=Weightmap0"
"/Game/Textures/terrain_mat.terrain_mat","49","67","0","1","996","Compiling terrain_mat: Platform=PCD3D_SM6, Usage=LightingModel=MSM_DefaultLit, BlendMode=BLEND_Opaque, SpecialEngine=0, TwoSided=0, TSNormal=1, Masked=0, Distorted=0, WritesEveryPixel=1, ModifiesMeshPosition=0, Usage={bUsedWithStaticLighting}, StaticTerrainLayer'Dirt'=Weightmap0, StaticTerrainLayer'Grass'=Weightmap0, StaticTerrainLayer'Obsidian'=Weightmap0, StaticTerrainLayer'Rocks'=Weightmap0"
"/Game/Textures/terrain_mat.terrain_mat","49","67","0","1","963","Compiling terrain_mat: Platform=PCD3D_SM6, Usage=LightingModel=MSM_DefaultLit, BlendMode=BLEND_Opaque, SpecialEngine=0, TwoSided=0, TSNormal=1, Masked=0, Distorted=0, WritesEveryPixel=1, ModifiesMeshPosition=0, Usage={bUsedWithStaticLighting}, StaticTerrainLayer'Rocks'=Weightmap0, StaticTerrainLayer'Snow'=Weightmap0"
"/Game/Textures/terrain_mat.terrain_mat","49","67","0","1","1192","Compiling terrain_mat: Platform=PCD3D_SM6, Usage=LightingModel=MSM_DefaultLit, BlendMode=BLEND_Opaque, SpecialEngine=0, TwoSided=0, TSNormal=1, Masked=0, Distorted=0, WritesEveryPixel=1, ModifiesMeshPosition=0, Usage={bUsedWithStaticLighting}, StaticTerrainLayer'Snow'=Weightmap0"
"/Game/Textures/terrain_mat.terrain_mat","49","67","0","2","934","Compiling terrain_mat: Platform=PCD3D_SM6, Usage=LightingModel=MSM_DefaultLit, BlendMode=BLEND_Opaque, SpecialEngine=0, TwoSided=0, TSNormal=1, Masked=0, Distorted=0, WritesEveryPixel=1, ModifiesMeshPosition=0, Usage={bUsedWithStaticLighting}, StaticTerrainLayer'Grass'=Weightmap0, StaticTerrainLayer'Rocks'=Weightmap0, StaticTerrainLayer'Snow'=Weightmap0"
"/Game/Textures/terrain_mat.terrain_mat","49","67","0","1","906","Compiling terrain_mat: Platform=PCD3D_SM6, Usage=LightingModel=MSM_DefaultLit, BlendMode=BLEND_Opaque, SpecialEngine=0, TwoSided=0, TSNormal=1, Masked=0, Distorted=0, WritesEveryPixel=1, ModifiesMeshPosition=0, Usage={bUsedWithStaticLighting}, StaticTerrainLayer'Dirt'=Weightmap0, StaticTerrainLayer'Grass'=Weightmap0, StaticTerrainLayer'Rocks'=Weightmap0"
"/Game/Textures/terrain_mat.terrain_mat","49","67","0","2","696","Compiling terrain_mat: Platform=PCD3D_SM6, Usage=LightingModel=MSM_DefaultLit, BlendMode=BLEND_Opaque, SpecialEngine=0, TwoSided=0, TSNormal=1, Masked=0, Distorted=0, WritesEveryPixel=1, ModifiesMeshPosition=0, Usage={bUsedWithStaticLighting}, StaticTerrainLayer'Grass'=Weightmap0, StaticTerrainLayer'Obsidian'=Weightmap0, StaticTerrainLayer'Rocks'=Weightmap0, StaticTerrainLayer'Snow'=Weightmap0"
"/Game/Textures/terrain_mat.terrain_mat","49","67","0","1","774","Compiling terrain_mat: Platform=PCD3D_SM6, Usage=LightingModel=MSM_DefaultLit, BlendMode=BLEND_Opaque, SpecialEngine=0, TwoSided=0, TSNormal=1, Masked=0, Distorted=0, WritesEveryPixel=1, ModifiesMeshPosition=0, Usage={bUsedWithStaticLighting}, StaticTerrainLayer'Grass'=Weightmap0, StaticTerrainLayer'Obsidian'=Weightmap0, StaticTerrainLayer'Rocks'=Weightmap0"
"/Game/Models/Foliage/foliage_mat.foliage_mat","49","62","0","3","956","Compiling foliage_mat: Platform=PCD3D_SM6, Usage=LightingModel=MSM_DefaultLit, BlendMode=BLEND_Masked, SpecialEngine=0, TwoSided=1, TSNormal=1, Masked=1, Distorted=0, WritesEveryPixel=0, ModifiesMeshPosition=0, Usage={bUsedWithInstancedStaticMeshes}"
"/Game/Models/Cross/Material.Material","49","14","0","1","59","Compiling Material: Platform=PCD3D_SM6, Usage=LightingModel=MSM_DefaultLit, BlendMode=BLEND_Opaque, SpecialEngine=0, TwoSided=0, TSNormal=1, Masked=0, Distorted=0, WritesEveryPixel=1, ModifiesMeshPosition=0, Usage={}"
"/Game/Models/Cross/Material_001.Material_001","49","14","0","1","59","Compiling Material_001: Platform=PCD3D_SM6, Usage=LightingModel=MSM_DefaultLit, BlendMode=BLEND_Opaque, SpecialEngine=0, TwoSided=0, TSNormal=1, Masked=0, Distorted=0, WritesEveryPixel=1, ModifiesMeshPosition=0, Usage={}"
"/Game/LevelPrototyping/Textures/T_GridChecker_A_Mat.T_GridChecker_A_Mat","49","14","0","4","80","Compiling T_GridChecker_A_Mat: Platform=PCD3D_SM6, Usage=LightingModel=MSM_DefaultLit, BlendMode=BLEND_Opaque, SpecialEngine=0, TwoSided=0, TSNormal=1, Masked=0, Distorted=0, WritesEveryPixel=1, ModifiesMeshPosition=0, Usage={}"
"/Engine/EngineMaterials/PPM_DefaultCalibrationGrayscale.PPM_DefaultCalibrationGrayscale","49","4","0","4","7","Compiling PPM_DefaultCalibrationGrayscale: Platform=PCD3D_SM6, Usage=LightingModel=MSM_Unlit, BlendMode=BLEND_Opaque, SpecialEngine=0, TwoSided=0, TSNormal=1, Masked=0, Distorted=0, WritesEveryPixel=1, ModifiesMeshPosition=0, Usage={}"
"/Engine/EngineMaterials/PPM_DefaultCalibrationColor.PPM_DefaultCalibrationColor","49","4","0","4","7","Compiling PPM_DefaultCalibrationColor: Platform=PCD3D_SM6, Usage=LightingModel=MSM_Unlit, BlendMode=BLEND_Opaque, SpecialEngine=0, TwoSided=0, TSNormal=1, Masked=0, Distorted=0, WritesEveryPixel=1, ModifiesMeshPosition=0, Usage={}"
"/Engine/EditorMaterials/PreviewShadowIndicatorMaterial.PreviewShadowIndicatorMaterial","49","44","0","1","595","Compiling PreviewShadowIndicatorMaterial: Platform=PCD3D_SM6, Usage=LightingModel=MSM_Unlit, BlendMode=BLEND_Opaque, SpecialEngine=0, TwoSided=0, TSNormal=1, Masked=0, Distorted=0, WritesEveryPixel=1, ModifiesMeshPosition=0, Usage={}"
"/Game/UI/Message.Message","49","10","0","2","53","Compiling Message: Platform=PCD3D_SM6, Usage=LightingModel=MSM_Unlit, BlendMode=BLEND_Translucent, SpecialEngine=0, TwoSided=0, TSNormal=1, Masked=0, Distorted=0, WritesEveryPixel=1, ModifiesMeshPosition=0, Usage={}"
"/Engine/EngineSky/M_Sky_Panning_Clouds2.M_Sky_Panning_Clouds2","49","4","0","1","10","Compiling M_Sky_Panning_Clouds2: Platform=PCD3D_SM6, Usage=LightingModel=MSM_Unlit, BlendMode=BLEND_Opaque, SpecialEngine=0, TwoSided=0, TSNormal=1, Masked=0, Distorted=0, WritesEveryPixel=1, ModifiesMeshPosition=0, Usage={bUsedWithStaticLighting}"
"/Engine/VREditor/SnapGrid/SnapGridMaterial.SnapGridMaterial","49","10","0","1","47","Compiling SnapGridMaterial: Platform=PCD3D_SM6, Usage=LightingModel=MSM_Unlit, BlendMode=BLEND_Translucent, SpecialEngine=0, TwoSided=1, TSNormal=1, Masked=0, Distorted=0, WritesEveryPixel=1, ModifiesMeshPosition=0, Usage={bUsedWithStaticLighting,bUsedWithSplineMeshes}"
"/Engine/EngineSky/VolumetricClouds/m_SimpleVolumetricCloud.m_SimpleVolumetricCloud","49","68","0","3","1083","Compiling m_SimpleVolumetricCloud: Platform=PCD3D_SM6, Usage=LightingModel=MSM_DefaultLit, BlendMode=BLEND_Additive, SpecialEngine=0, TwoSided=0, TSNormal=1, Masked=0, Distorted=0, WritesEveryPixel=1, ModifiesMeshPosition=0, Usage={bUsedWithVolumetricCloud}"
"/Game/FPWeapon/Materials/M_FPGun.M_FPGun","49","58","0","2","958","Compiling M_FPGun: Platform=PCD3D_SM6, Usage=LightingModel=MSM_DefaultLit, BlendMode=BLEND_Masked, SpecialEngine=0, TwoSided=0, TSNormal=1, Masked=1, Distorted=0, WritesEveryPixel=0, ModifiesMeshPosition=0, Usage={bUsedWithSkeletalMesh}"
"/Game/FirstPersonArms/Character/Materials/M_Mannequin.M_Mannequin","49","28","0","30","30","Compiling M_Mannequin: Platform=PCD3D_SM6, Usage=LightingModel=MSM_ClearCoat, BlendMode=BLEND_Opaque, SpecialEngine=0, TwoSided=0, TSNormal=1, Masked=0, Distorted=0, WritesEveryPixel=1, ModifiesMeshPosition=0, Usage={bUsedWithSkeletalMesh}, StaticSwitch'UseLogo2-1'=False"
"/Game/FirstPersonArms/Character/Materials/M_Mannequin.M_Mannequin","49","28","0","2","271","Compiling M_Mannequin: Platform=PCD3D_SM6, Usage=LightingModel=MSM_ClearCoat, BlendMode=BLEND_Opaque, SpecialEngine=0, TwoSided=0, TSNormal=1, Masked=0, Distorted=0, WritesEveryPixel=1, ModifiesMeshPosition=0, Usage={bUsedWithSkeletalMesh}, StaticSwitch'UseLogo2-1'=True"
"/Game/LevelPrototyping/Materials/M_PrototypeGrid.M_PrototypeGrid","49","23","0","23","43","Compiling M_PrototypeGrid: Platform=PCD3D_SM6, Usage=LightingModel=MSM_DefaultLit, BlendMode=BLEND_Opaque, SpecialEngine=0, TwoSided=0, TSNormal=1, Masked=0, Distorted=0, WritesEveryPixel=1, ModifiesMeshPosition=0, Usage={bUsedWithStaticLighting}, StaticSwitch'ObjectAligned2-1'=False, StaticSwitch'TopSurfaceColor2-1'=False"
"/Game/LevelPrototyping/Materials/M_PrototypeGrid.M_PrototypeGrid","49","23","0","1","147","Compiling M_PrototypeGrid: Platform=PCD3D_SM6, Usage=LightingModel=MSM_DefaultLit, BlendMode=BLEND_Opaque, SpecialEngine=0, TwoSided=0, TSNormal=1, Masked=0, Distorted=0, WritesEveryPixel=1, ModifiesMeshPosition=0, Usage={bUsedWithStaticLighting}, StaticSwitch'ObjectAligned2-1'=True, StaticSwitch'TopSurfaceColor2-1'=True"
"/Game/LevelPrototyping/Materials/M_PrototypeGrid.M_PrototypeGrid","49","23","0","2","210","Compiling M_PrototypeGrid: Platform=PCD3D_SM6, Usage=LightingModel=MSM_DefaultLit, BlendMode=BLEND_Opaque, SpecialEngine=0, TwoSided=0, TSNormal=1, Masked=0, Distorted=0, WritesEveryPixel=1, ModifiesMeshPosition=0, Usage={bUsedWithStaticLighting}, StaticSwitch'ObjectAligned2-1'=True, StaticSwitch'TopSurfaceColor2-1'=False"
"/Engine/OpenWorldTemplate/LandscapeMaterial/M_ProcGrid.M_ProcGrid","49","23","0","9","168","Compiling M_ProcGrid: Platform=PCD3D_SM6, Usage=LightingModel=MSM_DefaultLit, BlendMode=BLEND_Opaque, SpecialEngine=0, TwoSided=0, TSNormal=1, Masked=0, Distorted=0, WritesEveryPixel=1, ModifiesMeshPosition=0, Usage={bUsedWithNanite}, StaticSwitch'Enable Side Tint2-1'=True, StaticSwitch'ObjectAligned2-1'=False, StaticSwitch'Tri-Planar (Or Uni-Planar)2-1'=False, StaticSwitch'Water Level Tint2-1'=True"
"/Engine/OpenWorldTemplate/LandscapeMaterial/M_ProcGrid.M_ProcGrid","49","23","0","1","188","Compiling M_ProcGrid: Platform=PCD3D_SM6, Usage=LightingModel=MSM_DefaultLit, BlendMode=BLEND_Opaque, SpecialEngine=0, TwoSided=0, TSNormal=1, Masked=0, Distorted=0, WritesEveryPixel=1, ModifiesMeshPosition=0, Usage={bUsedWithNanite}, StaticSwitch'Enable Side Tint2-1'=False, StaticSwitch'ObjectAligned2-1'=True, StaticSwitch'Tri-Planar (Or Uni-Planar)2-1'=True, StaticSwitch'Water Level Tint2-1'=False"
"/Interchange/gltf/M_Unlit.M_Unlit","49","4","0","1","13","Compiling M_Unlit: Platform=PCD3D_SM6, Usage=LightingModel=MSM_Unlit, BlendMode=BLEND_Opaque, SpecialEngine=0, TwoSided=0, TSNormal=1, Masked=0, Distorted=0, WritesEveryPixel=1, ModifiesMeshPosition=0, Usage={}"
"/Interchange/gltf/M_Unlit.M_Unlit","49","9","0","1","34","Compiling M_Unlit: Platform=PCD3D_SM6, Usage=LightingModel=MSM_Unlit, BlendMode=BLEND_Translucent, SpecialEngine=0, TwoSided=1, TSNormal=1, Masked=0, Distorted=0, WritesEveryPixel=1, ModifiesMeshPosition=0, Usage={}"
"/Interchange/gltf/M_Unlit.M_Unlit","49","19","0","2","166","Compiling M_Unlit: Platform=PCD3D_SM6, Usage=LightingModel=MSM_Unlit, BlendMode=BLEND_Masked, SpecialEngine=0, TwoSided=1, TSNormal=1, Masked=1, Distorted=0, WritesEveryPixel=0, ModifiesMeshPosition=0, Usage={}"
"/Interchange/gltf/M_Unlit.M_Unlit","49","7","0","1","39","Compiling M_Unlit: Platform=PCD3D_SM6, Usage=LightingModel=MSM_Unlit, BlendMode=BLEND_Opaque, SpecialEngine=0, TwoSided=1, TSNormal=1, Masked=0, Distorted=0, WritesEveryPixel=1, ModifiesMeshPosition=0, Usage={}"
"/Interchange/gltf/M_Unlit.M_Unlit","49","7","0","1","34","Compiling M_Unlit: Platform=PCD3D_SM6, Usage=LightingModel=MSM_Unlit, BlendMode=BLEND_Translucent, SpecialEngine=0, TwoSided=0, TSNormal=1, Masked=0, Distorted=0, WritesEveryPixel=1, ModifiesMeshPosition=0, Usage={}"
"/Interchange/gltf/M_Unlit.M_Unlit","49","19","0","2","226","Compiling M_Unlit: Platform=PCD3D_SM6, Usage=LightingModel=MSM_Unlit, BlendMode=BLEND_Masked, SpecialEngine=0, TwoSided=0, TSNormal=1, Masked=1, Distorted=0, WritesEveryPixel=0, ModifiesMeshPosition=0, Usage={}"
"/SpeedTreeImporter/SpeedTree9/SpeedTreeBillboardMaster.SpeedTreeBillboardMaster","49","62","0","4","919","Compiling SpeedTreeBillboardMaster: Platform=PCD3D_SM6, Usage=LightingModel=MSM_TwoSidedFoliage, BlendMode=BLEND_Masked, SpecialEngine=0, TwoSided=0, TSNormal=1, Masked=1, Distorted=0, WritesEveryPixel=0, ModifiesMeshPosition=1, Usage={bUsedWithInstancedStaticMeshes}, StaticSwitch'SharedEnable2-1'=True"
"/SpeedTreeImporter/SpeedTree9/SpeedTreeMaster.SpeedTreeMaster","49","88","0","3","1656","Compiling SpeedTreeMaster: Platform=PCD3D_SM6, Usage=LightingModel=MSM_TwoSidedFoliage, BlendMode=BLEND_Masked, SpecialEngine=0, TwoSided=1, TSNormal=1, Masked=1, Distorted=0, WritesEveryPixel=0, ModifiesMeshPosition=1, Usage={bUsedWithStaticLighting,bUsedWithInstancedStaticMeshes}, StaticSwitch'Branch1Enable2-1'=True, StaticSwitch'Branch2Enable2-1'=False, StaticSwitch'FlipBacksideNormals2-1'=True, StaticSwitch'HandleCameraFacing2-1'=False, StaticSwitch'HasBranch2Data_Internal2-1'=False, StaticSwitch'RippleEnable2-1'=True, StaticSwitch'RippleShimmerEnable2-1'=False, StaticSwitch'SharedEnable2-1'=True"
"/Interchange/gltf/M_SpecularGlossiness.M_SpecularGlossiness","49","14","0","1","71","Compiling M_SpecularGlossiness: Platform=PCD3D_SM6, Usage=LightingModel=MSM_DefaultLit, BlendMode=BLEND_Opaque, SpecialEngine=0, TwoSided=0, TSNormal=1, Masked=0, Distorted=0, WritesEveryPixel=1, ModifiesMeshPosition=0, Usage={}"
"/Interchange/gltf/M_SpecularGlossiness.M_SpecularGlossiness","49","24","0","4","172","Compiling M_SpecularGlossiness: Platform=PCD3D_SM6, Usage=LightingModel=MSM_DefaultLit, BlendMode=BLEND_Translucent, SpecialEngine=0, TwoSided=1, TSNormal=1, Masked=0, Distorted=0, WritesEveryPixel=1, ModifiesMeshPosition=0, Usage={}"
"/Interchange/gltf/M_SpecularGlossiness.M_SpecularGlossiness","49","31","0","2","284","Compiling M_SpecularGlossiness: Platform=PCD3D_SM6, Usage=LightingModel=MSM_DefaultLit, BlendMode=BLEND_Masked, SpecialEngine=0, TwoSided=1, TSNormal=1, Masked=1, Distorted=0, WritesEveryPixel=0, ModifiesMeshPosition=0, Usage={}"
"/Interchange/gltf/M_SpecularGlossiness.M_SpecularGlossiness","49","17","0","1","113","Compiling M_SpecularGlossiness: Platform=PCD3D_SM6, Usage=LightingModel=MSM_DefaultLit, BlendMode=BLEND_Opaque, SpecialEngine=0, TwoSided=1, TSNormal=1, Masked=0, Distorted=0, WritesEveryPixel=1, ModifiesMeshPosition=0, Usage={}"
"/Interchange/gltf/M_SpecularGlossiness.M_SpecularGlossiness","49","22","0","3","193","Compiling M_SpecularGlossiness: Platform=PCD3D_SM6, Usage=LightingModel=MSM_DefaultLit, BlendMode=BLEND_Translucent, SpecialEngine=0, TwoSided=0, TSNormal=1, Masked=0, Distorted=0, WritesEveryPixel=1, ModifiesMeshPosition=0, Usage={}"
"/Interchange/gltf/M_SpecularGlossiness.M_SpecularGlossiness","49","31","0","7","275","Compiling M_SpecularGlossiness: Platform=PCD3D_SM6, Usage=LightingModel=MSM_DefaultLit, BlendMode=BLEND_Masked, SpecialEngine=0, TwoSided=0, TSNormal=1, Masked=1, Distorted=0, WritesEveryPixel=0, ModifiesMeshPosition=0, Usage={}"
"/Interchange/gltf/M_Transmission.M_Transmission","49","24","0","2","292","Compiling M_Transmission: Platform=PCD3D_SM6, Usage=LightingModel=MSM_ThinTranslucent, BlendMode=BLEND_Translucent, SpecialEngine=0, TwoSided=0, TSNormal=1, Masked=0, Distorted=1, WritesEveryPixel=1, ModifiesMeshPosition=0, Usage={}"
"/Interchange/gltf/M_Transmission.M_Transmission","49","26","0","7","142","Compiling M_Transmission: Platform=PCD3D_SM6, Usage=LightingModel=MSM_ThinTranslucent, BlendMode=BLEND_Translucent, SpecialEngine=0, TwoSided=1, TSNormal=1, Masked=0, Distorted=1, WritesEveryPixel=1, ModifiesMeshPosition=0, Usage={}"
"/Interchange/gltf/M_Sheen.M_Sheen","49","14","0","2","84","Compiling M_Sheen: Platform=PCD3D_SM6, Usage=LightingModel=MSM_Cloth, BlendMode=BLEND_Opaque, SpecialEngine=0, TwoSided=0, TSNormal=1, Masked=0, Distorted=0, WritesEveryPixel=1, ModifiesMeshPosition=0, Usage={}"
"/Interchange/gltf/M_Sheen.M_Sheen","49","24","0","6","214","Compiling M_Sheen: Platform=PCD3D_SM6, Usage=LightingModel=MSM_Cloth, BlendMode=BLEND_Translucent, SpecialEngine=0, TwoSided=1, TSNormal=1, Masked=0, Distorted=0, WritesEveryPixel=1, ModifiesMeshPosition=0, Usage={}"
"/Interchange/gltf/M_Sheen.M_Sheen","49","31","0","1","282","Compiling M_Sheen: Platform=PCD3D_SM6, Usage=LightingModel=MSM_Cloth, BlendMode=BLEND_Masked, SpecialEngine=0, TwoSided=1, TSNormal=1, Masked=1, Distorted=0, WritesEveryPixel=0, ModifiesMeshPosition=0, Usage={}"
"/Interchange/gltf/M_Sheen.M_Sheen","49","17","0","1","119","Compiling M_Sheen: Platform=PCD3D_SM6, Usage=LightingModel=MSM_Cloth, BlendMode=BLEND_Opaque, SpecialEngine=0, TwoSided=1, TSNormal=1, Masked=0, Distorted=0, WritesEveryPixel=1, ModifiesMeshPosition=0, Usage={}"
"/Interchange/gltf/M_Sheen.M_Sheen","49","22","0","1","146","Compiling M_Sheen: Platform=PCD3D_SM6, Usage=LightingModel=MSM_Cloth, BlendMode=BLEND_Translucent, SpecialEngine=0, TwoSided=0, TSNormal=1, Masked=0, Distorted=0, WritesEveryPixel=1, ModifiesMeshPosition=0, Usage={}"
"/Interchange/gltf/M_Sheen.M_Sheen","49","31","0","1","184","Compiling M_Sheen: Platform=PCD3D_SM6, Usage=LightingModel=MSM_Cloth, BlendMode=BLEND_Masked, SpecialEngine=0, TwoSided=0, TSNormal=1, Masked=1, Distorted=0, WritesEveryPixel=0, ModifiesMeshPosition=0, Usage={}"
"/Interchange/gltf/M_ClearCoat.M_ClearCoat","49","14","0","1","110","Compiling M_ClearCoat: Platform=PCD3D_SM6, Usage=LightingModel=MSM_ClearCoat, BlendMode=BLEND_Opaque, SpecialEngine=0, TwoSided=0, TSNormal=1, Masked=0, Distorted=0, WritesEveryPixel=1, ModifiesMeshPosition=0, Usage={}"
"/Interchange/gltf/M_ClearCoat.M_ClearCoat","49","24","0","10","203","Compiling M_ClearCoat: Platform=PCD3D_SM6, Usage=LightingModel=MSM_ClearCoat, BlendMode=BLEND_Translucent, SpecialEngine=0, TwoSided=1, TSNormal=1, Masked=0, Distorted=0, WritesEveryPixel=1, ModifiesMeshPosition=0, Usage={}"
"/Interchange/gltf/M_ClearCoat.M_ClearCoat","49","31","0","20","172","Compiling M_ClearCoat: Platform=PCD3D_SM6, Usage=LightingModel=MSM_ClearCoat, BlendMode=BLEND_Masked, SpecialEngine=0, TwoSided=1, TSNormal=1, Masked=1, Distorted=0, WritesEveryPixel=0, ModifiesMeshPosition=0, Usage={}"
"/Interchange/gltf/M_ClearCoat.M_ClearCoat","49","17","0","18","18","Compiling M_ClearCoat: Platform=PCD3D_SM6, Usage=LightingModel=MSM_ClearCoat, BlendMode=BLEND_Opaque, SpecialEngine=0, TwoSided=1, TSNormal=1, Masked=0, Distorted=0, WritesEveryPixel=1, ModifiesMeshPosition=0, Usage={}"
"/Interchange/gltf/M_ClearCoat.M_ClearCoat","49","31","0","33","33","Compiling M_ClearCoat: Platform=PCD3D_SM6, Usage=LightingModel=MSM_ClearCoat, BlendMode=BLEND_Masked, SpecialEngine=0, TwoSided=0, TSNormal=1, Masked=1, Distorted=0, WritesEveryPixel=0, ModifiesMeshPosition=0, Usage={}"
"/Interchange/gltf/M_ClearCoat.M_ClearCoat","49","22","0","22","22","Compiling M_ClearCoat: Platform=PCD3D_SM6, Usage=LightingModel=MSM_ClearCoat, BlendMode=BLEND_Translucent, SpecialEngine=0, TwoSided=0, TSNormal=1, Masked=0, Distorted=0, WritesEveryPixel=1, ModifiesMeshPosition=0, Usage={}"
"/Interchange/gltf/M_Default.M_Default","49","14","0","1","90","Compiling M_Default: Platform=PCD3D_SM6, Usage=LightingModel=MSM_DefaultLit, BlendMode=BLEND_Opaque, SpecialEngine=0, TwoSided=0, TSNormal=1, Masked=0, Distorted=0, WritesEveryPixel=1, ModifiesMeshPosition=0, Usage={}"
"/Interchange/gltf/M_Default.M_Default","49","31","0","33","51","Compiling M_Default: Platform=PCD3D_SM6, Usage=LightingModel=MSM_DefaultLit, BlendMode=BLEND_Masked, SpecialEngine=0, TwoSided=1, TSNormal=1, Masked=1, Distorted=0, WritesEveryPixel=0, ModifiesMeshPosition=0, Usage={}"
"/Interchange/gltf/M_Default.M_Default","49","24","0","24","24","Compiling M_Default: Platform=PCD3D_SM6, Usage=LightingModel=MSM_DefaultLit, BlendMode=BLEND_Translucent, SpecialEngine=0, TwoSided=1, TSNormal=1, Masked=0, Distorted=0, WritesEveryPixel=1, ModifiesMeshPosition=0, Usage={}"
"/Interchange/gltf/M_Default.M_Default","49","17","0","18","18","Compiling M_Default: Platform=PCD3D_SM6, Usage=LightingModel=MSM_DefaultLit, BlendMode=BLEND_Opaque, SpecialEngine=0, TwoSided=1, TSNormal=1, Masked=0, Distorted=0, WritesEveryPixel=1, ModifiesMeshPosition=0, Usage={}"
"/Interchange/gltf/M_Default.M_Default","49","22","0","22","22","Compiling M_Default: Platform=PCD3D_SM6, Usage=LightingModel=MSM_DefaultLit, BlendMode=BLEND_Translucent, SpecialEngine=0, TwoSided=0, TSNormal=1, Masked=0, Distorted=0, WritesEveryPixel=1, ModifiesMeshPosition=0, Usage={}"
"/Interchange/gltf/M_Default.M_Default","49","31","0","33","33","Compiling M_Default: Platform=PCD3D_SM6, Usage=LightingModel=MSM_DefaultLit, BlendMode=BLEND_Masked, SpecialEngine=0, TwoSided=0, TSNormal=1, Masked=1, Distorted=0, WritesEveryPixel=0, ModifiesMeshPosition=0, Usage={}"
